
#################################################################
# Summary Statistics
#################################################################
  
DIC = 183.6542

                      Mean    SD  2.5%    5%   25%   50%   75%   95% 97.5%
p.global.alphworm    0.027 0.038 0.000 0.000 0.002 0.012 0.036 0.108 0.135
p.global.brittlestar 0.010 0.014 0.000 0.000 0.001 0.004 0.013 0.040 0.051
p.global.clam        0.181 0.103 0.024 0.036 0.099 0.169 0.249 0.365 0.407
p.global.crab        0.159 0.079 0.026 0.036 0.098 0.155 0.214 0.295 0.319
p.global.fish        0.530 0.048 0.432 0.448 0.497 0.531 0.563 0.606 0.622
p.global.snail       0.094 0.065 0.009 0.014 0.045 0.081 0.130 0.221 0.250
