
#################################################################
# Summary Statistics
#################################################################
  
DIC = 171.4015

                        Mean    SD  2.5%    5%   25%   50%   75%   95% 97.5%
p.global.alphworm      0.049 0.048 0.000 0.000 0.011 0.037 0.074 0.144 0.171
p.global.brittlestar   0.009 0.013 0.000 0.000 0.001 0.004 0.012 0.036 0.046
p.global.clam          0.154 0.080 0.030 0.041 0.093 0.144 0.207 0.302 0.335
p.global.crab          0.098 0.057 0.013 0.019 0.053 0.090 0.135 0.204 0.227
p.global.fish          0.618 0.058 0.504 0.520 0.580 0.618 0.657 0.712 0.731
p.global.snail         0.071 0.049 0.008 0.011 0.034 0.063 0.096 0.165 0.192
p.coral.alphworm       0.049 0.048 0.000 0.000 0.011 0.037 0.074 0.144 0.171
p.seagrass.alphworm    0.148 0.135 0.000 0.000 0.016 0.121 0.255 0.391 0.430
p.coral.brittlestar    0.009 0.013 0.000 0.000 0.001 0.004 0.012 0.036 0.046
p.seagrass.brittlestar 0.015 0.023 0.000 0.000 0.001 0.004 0.017 0.065 0.084
p.coral.clam           0.154 0.080 0.030 0.041 0.093 0.144 0.207 0.302 0.335
p.seagrass.clam        0.274 0.132 0.040 0.064 0.177 0.270 0.366 0.496 0.548
p.coral.crab           0.098 0.057 0.013 0.019 0.053 0.090 0.135 0.204 0.227
p.seagrass.crab        0.112 0.077 0.008 0.013 0.048 0.099 0.163 0.256 0.287
p.coral.fish           0.618 0.058 0.504 0.520 0.580 0.618 0.657 0.712 0.731
p.seagrass.fish        0.362 0.070 0.221 0.245 0.317 0.364 0.412 0.476 0.494
p.coral.snail          0.071 0.049 0.008 0.011 0.034 0.063 0.096 0.165 0.192
p.seagrass.snail       0.089 0.072 0.004 0.007 0.031 0.072 0.130 0.227 0.264
