
################################################################################
# Gelman-Rubin Diagnostic
################################################################################

Generally the Gelman diagnostic should be < 1.05


Out of 206 variables: 12 > 1.01

                      
0 > 1.05

                      
0 > 1.1


The worst variables are:

            Point est. Upper C.I.
p.ind[1,2]    1.017428   1.024222
p.ind[15,2]   1.015590   1.020935
p.ind[11,1]   1.015446   1.021998
p.ind[16,1]   1.014373   1.019997
p.ind[28,2]   1.013411   1.021503
p.ind[18,1]   1.012610   1.019611
p.ind[6,2]    1.012263   1.014702
p.ind[5,1]    1.010615   1.016585
p.ind[24,2]   1.010418   1.018441
p.ind[23,1]   1.010373   1.011400


And here are the Gelman diagnostics for all variables:

            Point est. Upper C.I.
deviance     1.0005131  1.0014793
ind.sig      1.0025405  1.0084966
p.fac1[1,1]  1.0009865  1.0015156
p.fac1[1,2]  1.0051026  1.0106417
p.fac1[1,3]  1.0004241  1.0025132
p.fac1[1,4]  1.0006031  1.0028011
p.fac1[1,5]  1.0001301  1.0017913
p.fac1[1,6]  1.0005674  1.0023348
p.fac1[2,1]  1.0094926  1.0147581
p.fac1[2,2]  1.0039110  1.0081836
p.fac1[2,3]  1.0000032  1.0011145
p.fac1[2,4]  1.0018089  1.0024099
p.fac1[2,5]  0.9998956  1.0001182
p.fac1[2,6]  1.0030522  1.0053200
p.global[1]  1.0009865  1.0015156
p.global[2]  1.0051026  1.0106417
p.global[3]  1.0004241  1.0025132
p.global[4]  1.0006031  1.0028011
p.global[5]  1.0001301  1.0017913
p.global[6]  1.0005674  1.0023348
p.ind[10,1]  1.0023080  1.0049748
p.ind[10,2]  1.0034439  1.0089660
p.ind[10,3]  1.0006156  1.0031793
p.ind[10,4]  0.9999179  1.0000126
p.ind[10,5]  1.0004016  1.0011029
p.ind[10,6]  0.9999458  1.0005819
p.ind[1,1]   1.0043335  1.0070441
p.ind[11,1]  1.0154461  1.0219980
p.ind[11,2]  1.0074076  1.0115650
p.ind[11,3]  1.0001786  1.0019546
p.ind[11,4]  1.0030672  1.0037287
p.ind[11,5]  1.0003110  1.0011441
p.ind[11,6]  1.0009916  1.0021250
p.ind[1,2]   1.0174281  1.0242217
p.ind[12,1]  1.0095647  1.0129172
p.ind[12,2]  1.0061683  1.0084364
p.ind[12,3]  1.0006455  1.0036996
p.ind[12,4]  1.0008121  1.0009956
p.ind[12,5]  1.0002673  1.0021900
p.ind[12,6]  1.0006497  1.0016402
p.ind[1,3]   1.0000336  1.0014107
p.ind[13,1]  1.0102470  1.0173389
p.ind[13,2]  1.0056573  1.0101539
p.ind[13,3]  1.0003769  1.0021871
p.ind[13,4]  1.0031584  1.0040662
p.ind[13,5]  0.9997271  0.9997443
p.ind[13,6]  1.0023764  1.0046247
p.ind[1,4]   1.0003777  1.0012505
p.ind[14,1]  1.0080211  1.0115212
p.ind[14,2]  1.0021936  1.0040555
p.ind[14,3]  1.0001027  1.0016639
p.ind[14,4]  1.0012736  1.0015031
p.ind[14,5]  1.0014514  1.0060720
p.ind[14,6]  1.0020806  1.0038147
p.ind[1,5]   1.0009513  1.0030105
p.ind[15,1]  1.0019005  1.0041680
p.ind[15,2]  1.0155895  1.0209348
p.ind[15,3]  1.0006904  1.0015763
p.ind[15,4]  1.0026170  1.0036300
p.ind[15,5]  1.0011283  1.0027078
p.ind[15,6]  1.0019458  1.0031392
p.ind[1,6]   1.0024513  1.0049840
p.ind[16,1]  1.0143734  1.0199975
p.ind[16,2]  1.0045796  1.0088843
p.ind[16,3]  1.0000724  1.0012929
p.ind[16,4]  1.0058295  1.0093992
p.ind[16,5]  1.0016948  1.0053686
p.ind[16,6]  1.0023075  1.0037044
p.ind[17,1]  1.0019008  1.0046841
p.ind[17,2]  1.0026893  1.0063925
p.ind[17,3]  1.0012633  1.0044913
p.ind[17,4]  1.0020895  1.0033005
p.ind[17,5]  1.0016476  1.0036095
p.ind[17,6]  1.0042600  1.0084228
p.ind[18,1]  1.0126100  1.0196106
p.ind[18,2]  1.0049275  1.0090252
p.ind[18,3]  1.0002247  1.0019607
p.ind[18,4]  1.0008497  1.0014150
p.ind[18,5]  1.0010053  1.0042048
p.ind[18,6]  1.0010634  1.0036970
p.ind[19,1]  1.0085600  1.0125967
p.ind[19,2]  1.0035283  1.0064801
p.ind[19,3]  0.9997417  1.0003735
p.ind[19,4]  1.0010787  1.0014913
p.ind[19,5]  1.0003575  1.0024950
p.ind[19,6]  1.0029274  1.0038392
p.ind[20,1]  1.0034581  1.0045175
p.ind[20,2]  1.0014914  1.0041159
p.ind[20,3]  1.0002754  1.0015699
p.ind[20,4]  1.0018450  1.0043527
p.ind[20,5]  1.0007623  1.0017394
p.ind[20,6]  1.0005305  1.0018651
p.ind[2,1]   1.0050856  1.0085781
p.ind[21,1]  1.0012859  1.0016174
p.ind[21,2]  1.0102760  1.0165471
p.ind[21,3]  0.9998963  1.0003080
p.ind[21,4]  0.9998011  1.0004359
p.ind[21,5]  1.0006287  1.0022938
p.ind[21,6]  1.0015132  1.0051451
p.ind[2,2]   1.0014390  1.0025583
p.ind[22,1]  1.0056931  1.0089327
p.ind[22,2]  1.0064145  1.0099974
p.ind[22,3]  1.0006291  1.0028574
p.ind[22,4]  0.9999378  1.0009739
p.ind[22,5]  1.0004321  1.0019337
p.ind[22,6]  1.0001511  1.0010781
p.ind[2,3]   1.0002120  1.0014598
p.ind[23,1]  1.0103726  1.0114001
p.ind[23,2]  1.0045538  1.0086560
p.ind[23,3]  1.0002370  1.0012269
p.ind[23,4]  1.0010481  1.0030387
p.ind[23,5]  1.0009215  1.0045692
p.ind[23,6]  1.0010542  1.0028264
p.ind[2,4]   1.0008763  1.0017005
p.ind[24,1]  1.0037435  1.0053193
p.ind[24,2]  1.0104182  1.0184415
p.ind[24,3]  1.0000556  1.0011564
p.ind[24,4]  1.0014314  1.0042287
p.ind[24,5]  0.9998736  1.0003409
p.ind[24,6]  1.0054278  1.0110900
p.ind[2,5]   0.9997912  1.0001067
p.ind[25,1]  1.0009566  1.0013353
p.ind[25,2]  1.0063166  1.0107222
p.ind[25,3]  1.0005978  1.0032235
p.ind[25,4]  1.0012186  1.0026417
p.ind[25,5]  1.0019509  1.0070193
p.ind[25,6]  1.0006088  1.0024213
p.ind[2,6]   1.0030532  1.0045307
p.ind[26,1]  1.0053189  1.0055796
p.ind[26,2]  1.0073881  1.0135702
p.ind[26,3]  1.0000716  1.0009679
p.ind[26,4]  1.0015736  1.0045517
p.ind[26,5]  1.0009820  1.0016839
p.ind[26,6]  1.0018071  1.0028815
p.ind[27,1]  0.9999916  1.0005287
p.ind[27,2]  1.0096813  1.0149757
p.ind[27,3]  0.9995963  0.9996200
p.ind[27,4]  1.0009614  1.0041343
p.ind[27,5]  1.0000711  1.0010646
p.ind[27,6]  0.9998954  1.0001562
p.ind[28,1]  1.0010382  1.0018937
p.ind[28,2]  1.0134108  1.0215028
p.ind[28,3]  1.0014201  1.0063701
p.ind[28,4]  0.9998586  1.0002913
p.ind[28,5]  1.0017231  1.0066881
p.ind[28,6]  1.0005424  1.0020758
p.ind[29,1]  1.0027661  1.0034581
p.ind[29,2]  1.0085981  1.0139805
p.ind[29,3]  0.9999329  1.0000583
p.ind[29,4]  1.0003987  1.0027021
p.ind[29,5]  0.9998010  1.0002253
p.ind[29,6]  1.0026326  1.0073187
p.ind[30,1]  1.0076413  1.0107912
p.ind[30,2]  1.0000715  1.0014604
p.ind[30,3]  1.0002169  1.0019824
p.ind[30,4]  1.0016516  1.0022692
p.ind[30,5]  0.9998326  1.0005549
p.ind[30,6]  1.0026954  1.0052024
p.ind[3,1]   1.0013806  1.0031238
p.ind[31,1]  1.0066717  1.0108705
p.ind[31,2]  1.0097310  1.0143744
p.ind[31,3]  1.0015990  1.0066467
p.ind[31,4]  1.0011635  1.0018893
p.ind[31,5]  1.0004770  1.0025674
p.ind[31,6]  1.0057619  1.0099421
p.ind[3,2]   1.0001018  1.0016804
p.ind[3,3]   0.9998104  1.0000236
p.ind[3,4]   1.0015265  1.0028085
p.ind[3,5]   1.0004460  1.0011921
p.ind[3,6]   1.0015193  1.0033544
p.ind[4,1]   1.0049669  1.0090952
p.ind[4,2]   1.0098021  1.0176459
p.ind[4,3]   1.0003995  1.0027437
p.ind[4,4]   1.0012328  1.0020727
p.ind[4,5]   1.0000752  1.0001902
p.ind[4,6]   1.0029455  1.0056824
p.ind[5,1]   1.0106153  1.0165846
p.ind[5,2]   1.0099375  1.0155123
p.ind[5,3]   1.0000150  1.0012824
p.ind[5,4]   1.0009860  1.0021719
p.ind[5,5]   0.9998756  1.0006273
p.ind[5,6]   1.0010943  1.0025247
p.ind[6,1]   0.9995999  0.9996308
p.ind[6,2]   1.0122629  1.0147016
p.ind[6,3]   1.0005321  1.0029849
p.ind[6,4]   1.0003010  1.0009631
p.ind[6,5]   0.9997086  1.0002160
p.ind[6,6]   1.0030679  1.0077967
p.ind[7,1]   1.0006167  1.0010629
p.ind[7,2]   1.0039437  1.0077009
p.ind[7,3]   0.9998777  0.9999625
p.ind[7,4]   1.0018211  1.0022916
p.ind[7,5]   1.0000222  1.0001966
p.ind[7,6]   1.0016574  1.0027339
p.ind[8,1]   1.0002717  1.0003586
p.ind[8,2]   1.0036450  1.0050291
p.ind[8,3]   1.0001612  1.0016748
p.ind[8,4]   1.0004384  1.0010491
p.ind[8,5]   0.9999382  1.0002220
p.ind[8,6]   1.0025712  1.0058589
p.ind[9,1]   1.0036507  1.0074230
p.ind[9,2]   1.0090814  1.0133062
p.ind[9,3]   0.9999515  1.0010387
p.ind[9,4]   1.0003943  1.0008153
p.ind[9,5]   0.9998085  0.9998734
p.ind[9,6]   1.0036523  1.0050128

################################################################################
# Geweke Diagnostic
################################################################################

The Geweke diagnostic is a standard z-score, so we'd expect 5% to be outside +/-1.96
Number of variables outside +/-1.96 in each chain (out of 
206
):


       Chain 1 Chain 2 Chain 3
Geweke      16       3       9


And here are the Geweke diagnostics for all variables:

            chain1 chain2 chain3
deviance    -1.457  0.091  1.353
ind.sig      0.859 -0.823 -0.828
p.fac1[1,1] -0.249 -0.389  0.380
p.fac1[1,2]  0.595  0.706 -0.992
p.fac1[1,3]  0.915  0.613  0.326
p.fac1[1,4]  0.052  0.519  1.905
p.fac1[1,5] -1.290 -1.151 -1.143
p.fac1[1,6] -0.481 -0.515 -1.605
p.fac1[2,1] -1.876 -0.018  0.841
p.fac1[2,2] -0.177  0.349 -0.236
p.fac1[2,3]  2.428  0.509 -0.630
p.fac1[2,4] -0.316 -0.731  1.666
p.fac1[2,5] -1.938 -0.440 -0.440
p.fac1[2,6] -1.128  0.053 -0.794
p.global[1] -0.249 -0.389  0.380
p.global[2]  0.595  0.706 -0.992
p.global[3]  0.915  0.613  0.326
p.global[4]  0.052  0.519  1.905
p.global[5] -1.290 -1.151 -1.143
p.global[6] -0.481 -0.515 -1.605
p.ind[10,1] -1.065 -0.367  0.781
p.ind[10,2]  0.036  0.375 -0.480
p.ind[10,3]  1.819  0.742 -0.548
p.ind[10,4]  0.017 -1.174  1.033
p.ind[10,5] -1.746  0.260  0.838
p.ind[10,6] -1.882 -0.265 -2.622
p.ind[1,1]  -1.760 -0.088  0.865
p.ind[11,1] -2.405  0.092  0.607
p.ind[11,2]  0.246  0.570 -0.170
p.ind[11,3]  1.224  0.763 -0.928
p.ind[11,4]  0.107 -1.117  2.145
p.ind[11,5] -0.516 -1.126 -0.004
p.ind[11,6] -1.062  0.243 -0.877
p.ind[1,2]  -0.870  0.752 -0.878
p.ind[12,1] -1.656 -0.013  0.584
p.ind[12,2] -0.463  0.640 -0.647
p.ind[12,3]  1.362  0.516 -0.232
p.ind[12,4]  0.135 -1.217  1.996
p.ind[12,5] -0.464 -0.310 -0.916
p.ind[12,6] -1.389  0.021 -1.417
p.ind[1,3]   1.037  0.591  0.535
p.ind[13,1] -1.642 -0.541  0.785
p.ind[13,2]  0.495  0.137 -0.373
p.ind[13,3]  0.711  1.927 -1.792
p.ind[13,4]  0.507 -1.286  1.825
p.ind[13,5] -0.966 -0.721  1.709
p.ind[13,6]  0.090 -0.099 -0.512
p.ind[1,4]  -0.170 -1.179  0.741
p.ind[14,1] -1.401  0.192  1.025
p.ind[14,2]  0.362  0.469 -0.532
p.ind[14,3]  0.894  0.531 -0.079
p.ind[14,4] -0.860 -0.493  2.131
p.ind[14,5] -0.233 -0.928 -1.312
p.ind[14,6] -1.842 -0.193 -1.511
p.ind[1,5]  -0.193 -0.113 -1.228
p.ind[15,1] -1.164 -0.409  0.548
p.ind[15,2] -0.652  0.476 -0.379
p.ind[15,3]  1.603  1.273 -0.418
p.ind[15,4] -0.018 -0.516  1.514
p.ind[15,5] -0.985 -1.345 -0.165
p.ind[15,6] -1.402 -0.312 -0.718
p.ind[1,6]  -0.597 -0.133 -1.102
p.ind[16,1] -1.390  0.047  1.008
p.ind[16,2] -0.810  0.259 -0.465
p.ind[16,3]  0.720 -0.118 -1.034
p.ind[16,4]  0.253 -0.445  1.471
p.ind[16,5]  0.285  0.442  0.507
p.ind[16,6] -0.971  0.049 -0.694
p.ind[17,1] -1.534 -0.200  1.143
p.ind[17,2] -0.817 -0.031 -0.467
p.ind[17,3]  2.488  0.591 -1.287
p.ind[17,4] -0.779 -1.283  1.041
p.ind[17,5] -2.180  0.306 -0.036
p.ind[17,6] -1.519  0.128  0.503
p.ind[18,1] -2.297 -0.210  0.780
p.ind[18,2] -0.080  0.470 -0.401
p.ind[18,3]  0.975  1.364 -0.193
p.ind[18,4] -1.243 -1.429  1.948
p.ind[18,5]  0.270 -1.139 -1.420
p.ind[18,6] -0.897  0.103 -0.588
p.ind[19,1] -1.851  0.178  0.814
p.ind[19,2] -0.967  0.657 -0.245
p.ind[19,3]  0.509  0.805 -0.235
p.ind[19,4] -0.005 -0.705  1.326
p.ind[19,5]  0.363 -1.574 -0.875
p.ind[19,6] -1.705  0.719  0.164
p.ind[20,1] -0.220 -0.250  0.423
p.ind[20,2]  0.426  0.803 -0.896
p.ind[20,3]  0.904 -0.133 -0.207
p.ind[20,4] -1.036  0.233  1.408
p.ind[20,5]  0.436 -0.061 -0.478
p.ind[20,6] -2.169 -0.015 -0.902
p.ind[2,1]  -3.319  0.309  0.495
p.ind[21,1]  0.292 -0.200  0.104
p.ind[21,2]  0.975  0.817 -0.228
p.ind[21,3]  0.394  0.851  1.045
p.ind[21,4]  0.572  0.314  1.468
p.ind[21,5] -0.643 -0.818 -1.993
p.ind[21,6] -1.414 -1.496 -2.069
p.ind[2,2]  -0.687 -0.149 -0.629
p.ind[22,1] -0.148 -0.411  0.417
p.ind[22,2]  0.939  0.496 -0.607
p.ind[22,3]  0.480  1.545 -0.619
p.ind[22,4]  0.768  0.576  1.914
p.ind[22,5] -0.754 -1.944  0.750
p.ind[22,6] -1.034 -0.555 -2.816
p.ind[2,3]   3.103 -0.166 -1.161
p.ind[23,1] -0.641 -0.257  0.273
p.ind[23,2]  0.616  0.988 -0.518
p.ind[23,3] -0.066  1.208  0.481
p.ind[23,4]  0.129  0.538  1.127
p.ind[23,5]  0.737 -1.286 -1.200
p.ind[23,6] -1.565 -1.154 -0.330
p.ind[2,4]   0.054 -0.648  1.809
p.ind[24,1] -0.362 -0.247  0.411
p.ind[24,2]  0.504  0.405 -1.494
p.ind[24,3]  1.307  1.515  0.288
p.ind[24,4] -0.249  0.747  1.269
p.ind[24,5] -1.053 -1.175  0.616
p.ind[24,6] -0.298 -0.700 -3.508
p.ind[2,5]  -1.910  0.491  1.000
p.ind[25,1] -0.596 -0.535  0.321
p.ind[25,2]  1.304  0.881 -1.005
p.ind[25,3] -0.676  0.461  0.847
p.ind[25,4]  0.113  0.668  1.737
p.ind[25,5]  0.963 -0.582 -1.521
p.ind[25,6]  0.006 -1.110 -1.669
p.ind[2,6]  -1.067 -0.153 -0.644
p.ind[26,1] -0.623 -0.486 -0.066
p.ind[26,2]  0.450  0.509 -0.950
p.ind[26,3]  0.923  0.671  0.869
p.ind[26,4] -0.313  0.981  1.012
p.ind[26,5] -0.098 -0.669 -0.329
p.ind[26,6] -1.631 -1.372 -1.678
p.ind[27,1]  0.151 -0.078  0.379
p.ind[27,2]  0.215  0.187 -1.046
p.ind[27,3]  0.587 -0.207  0.614
p.ind[27,4] -0.200 -0.160  1.910
p.ind[27,5] -0.052  0.320 -1.380
p.ind[27,6] -1.804 -0.263 -0.827
p.ind[28,1] -0.878 -0.916  0.202
p.ind[28,2]  0.354  0.829 -0.944
p.ind[28,3]  0.990  0.630  0.843
p.ind[28,4] -1.424  0.691  0.691
p.ind[28,5] -0.426 -0.503 -0.617
p.ind[28,6]  0.173 -1.169 -1.472
p.ind[29,1] -0.128 -0.216  0.672
p.ind[29,2]  1.268  0.645 -0.442
p.ind[29,3]  0.397  2.433  0.800
p.ind[29,4]  0.681  0.420  1.692
p.ind[29,5] -0.324 -2.644 -1.545
p.ind[29,6] -1.620 -1.583 -1.695
p.ind[30,1] -1.685 -0.579  0.434
p.ind[30,2]  0.270  0.083 -0.224
p.ind[30,3]  1.063  0.602  0.217
p.ind[30,4] -1.230  0.063  1.647
p.ind[30,5] -0.122 -0.608 -1.455
p.ind[30,6] -0.571  0.335 -1.081
p.ind[3,1]  -1.826 -0.168  0.534
p.ind[31,1] -1.314 -0.339  0.232
p.ind[31,2]  0.371 -0.434 -0.907
p.ind[31,3]  1.347  0.616 -0.523
p.ind[31,4]  0.182 -0.835  1.450
p.ind[31,5] -1.841  0.195  0.093
p.ind[31,6] -0.433  0.157 -0.499
p.ind[3,2]  -0.180 -0.234 -0.946
p.ind[3,3]   1.423  0.097 -0.980
p.ind[3,4]  -0.118 -0.374  1.345
p.ind[3,5]  -2.054  0.155  0.564
p.ind[3,6]   0.565  0.298  0.158
p.ind[4,1]  -2.069 -0.233  0.900
p.ind[4,2]  -0.447  0.837 -0.178
p.ind[4,3]   3.794 -0.070 -0.961
p.ind[4,4]  -1.019 -0.307  1.632
p.ind[4,5]  -2.762  0.242  0.441
p.ind[4,6]  -2.386  0.268 -1.010
p.ind[5,1]  -2.211  0.003  0.873
p.ind[5,2]  -0.280  0.381 -0.159
p.ind[5,3]   2.604  0.185 -1.163
p.ind[5,4]  -0.260 -0.682  1.443
p.ind[5,5]  -2.071 -0.099  0.995
p.ind[5,6]  -0.995  0.355 -1.177
p.ind[6,1]  -0.142 -0.052 -0.040
p.ind[6,2]   0.667  0.691 -0.907
p.ind[6,3]   1.742  0.067 -0.364
p.ind[6,4]  -0.219  0.276  1.086
p.ind[6,5]  -1.455 -0.023  0.443
p.ind[6,6]  -0.219 -0.566 -2.198
p.ind[7,1]  -0.476 -0.700  0.475
p.ind[7,2]   0.712  0.427 -0.566
p.ind[7,3]   0.731  1.479  0.492
p.ind[7,4]  -0.038  0.004  1.622
p.ind[7,5]  -0.048 -2.050 -1.742
p.ind[7,6]  -1.377 -0.303 -1.745
p.ind[8,1]   0.208 -0.530  0.132
p.ind[8,2]  -0.023  0.620 -0.617
p.ind[8,3]   0.599 -0.088  0.124
p.ind[8,4]   0.029  0.173  0.865
p.ind[8,5]  -1.141  0.554  0.231
p.ind[8,6]   0.373 -1.351 -1.602
p.ind[9,1]  -1.445 -0.467  0.946
p.ind[9,2]  -0.280  0.478 -0.611
p.ind[9,3]   0.642  0.607 -0.281
p.ind[9,4]  -0.241 -0.850  1.404
p.ind[9,5]   0.013 -0.180 -0.647
p.ind[9,6]   0.112  0.197 -0.771
