
#################################################################
# Summary Statistics
#################################################################
  
DIC = 209.3615

                        Mean    SD  2.5%    5%   25%   50%   75%   95% 97.5%
Individual.SD          0.372 0.214 0.021 0.045 0.197 0.369 0.525 0.725 0.807
p.global.alphworm      0.021 0.031 0.000 0.000 0.002 0.009 0.029 0.079 0.105
p.global.brittlestar   0.012 0.021 0.000 0.000 0.001 0.004 0.015 0.052 0.074
p.global.clam          0.403 0.109 0.184 0.216 0.331 0.407 0.479 0.577 0.608
p.global.crab          0.084 0.068 0.006 0.010 0.034 0.066 0.114 0.229 0.262
p.global.fish          0.396 0.073 0.262 0.280 0.346 0.392 0.445 0.520 0.544
p.global.snail         0.083 0.071 0.006 0.009 0.031 0.063 0.112 0.228 0.276
p.coral.alphworm       0.021 0.031 0.000 0.000 0.002 0.009 0.029 0.079 0.105
p.seagrass.alphworm    0.032 0.063 0.000 0.000 0.001 0.006 0.032 0.162 0.226
p.coral.brittlestar    0.012 0.021 0.000 0.000 0.001 0.004 0.015 0.052 0.074
p.seagrass.brittlestar 0.011 0.020 0.000 0.000 0.000 0.003 0.013 0.053 0.074
p.coral.clam           0.403 0.109 0.184 0.216 0.331 0.407 0.479 0.577 0.608
p.seagrass.clam        0.587 0.133 0.273 0.337 0.509 0.610 0.684 0.769 0.792
p.coral.crab           0.084 0.068 0.006 0.010 0.034 0.066 0.114 0.229 0.262
p.seagrass.crab        0.054 0.058 0.002 0.003 0.014 0.034 0.074 0.173 0.220
p.coral.fish           0.396 0.073 0.262 0.280 0.346 0.392 0.445 0.520 0.544
p.seagrass.fish        0.265 0.062 0.154 0.172 0.222 0.262 0.303 0.370 0.394
p.coral.snail          0.083 0.071 0.006 0.009 0.031 0.063 0.112 0.228 0.276
p.seagrass.snail       0.050 0.051 0.002 0.003 0.014 0.034 0.068 0.157 0.190
p.Ind 1.alphworm       0.037 0.080 0.000 0.000 0.001 0.007 0.033 0.199 0.285
p.Ind 2.alphworm       0.035 0.075 0.000 0.000 0.001 0.006 0.032 0.185 0.262
p.Ind 3.alphworm       0.034 0.071 0.000 0.000 0.001 0.006 0.031 0.173 0.256
p.Ind 4.alphworm       0.032 0.067 0.000 0.000 0.001 0.006 0.031 0.162 0.240
p.Ind 5.alphworm       0.033 0.069 0.000 0.000 0.001 0.006 0.031 0.171 0.245
p.Ind 6.alphworm       0.023 0.041 0.000 0.000 0.002 0.008 0.027 0.086 0.119
p.Ind 7.alphworm       0.025 0.044 0.000 0.000 0.002 0.009 0.031 0.099 0.137
p.Ind 8.alphworm       0.022 0.037 0.000 0.000 0.001 0.008 0.028 0.087 0.117
p.Ind 9.alphworm       0.035 0.072 0.000 0.000 0.001 0.007 0.033 0.174 0.256
p.Ind 10.alphworm      0.034 0.072 0.000 0.000 0.001 0.006 0.032 0.181 0.250
p.Ind 11.alphworm      0.035 0.073 0.000 0.000 0.001 0.006 0.032 0.184 0.257
p.Ind 12.alphworm      0.035 0.072 0.000 0.000 0.001 0.006 0.032 0.187 0.259
p.Ind 13.alphworm      0.034 0.069 0.000 0.000 0.001 0.006 0.031 0.167 0.247
p.Ind 14.alphworm      0.034 0.068 0.000 0.000 0.001 0.007 0.033 0.166 0.235
p.Ind 15.alphworm      0.033 0.067 0.000 0.000 0.001 0.006 0.033 0.167 0.249
p.Ind 16.alphworm      0.035 0.072 0.000 0.000 0.001 0.006 0.033 0.177 0.260
p.Ind 17.alphworm      0.031 0.065 0.000 0.000 0.001 0.006 0.031 0.151 0.232
p.Ind 18.alphworm      0.034 0.068 0.000 0.000 0.001 0.006 0.032 0.177 0.249
p.Ind 19.alphworm      0.032 0.066 0.000 0.000 0.001 0.006 0.032 0.154 0.231
p.Ind 20.alphworm      0.021 0.033 0.000 0.000 0.001 0.008 0.028 0.082 0.106
p.Ind 21.alphworm      0.023 0.038 0.000 0.000 0.002 0.009 0.029 0.092 0.123
p.Ind 22.alphworm      0.022 0.034 0.000 0.000 0.001 0.008 0.028 0.087 0.114
p.Ind 23.alphworm      0.020 0.032 0.000 0.000 0.001 0.008 0.026 0.080 0.107
p.Ind 24.alphworm      0.022 0.037 0.000 0.000 0.002 0.009 0.029 0.090 0.115
p.Ind 25.alphworm      0.022 0.034 0.000 0.000 0.002 0.008 0.027 0.088 0.114
p.Ind 26.alphworm      0.023 0.036 0.000 0.000 0.001 0.009 0.029 0.091 0.121
p.Ind 27.alphworm      0.020 0.031 0.000 0.000 0.001 0.008 0.027 0.081 0.112
p.Ind 28.alphworm      0.023 0.037 0.000 0.000 0.001 0.008 0.028 0.089 0.121
p.Ind 29.alphworm      0.021 0.032 0.000 0.000 0.001 0.008 0.028 0.080 0.107
p.Ind 30.alphworm      0.035 0.072 0.000 0.000 0.001 0.006 0.033 0.186 0.254
p.Ind 31.alphworm      0.035 0.075 0.000 0.000 0.001 0.006 0.031 0.189 0.255
p.Ind 1.brittlestar    0.013 0.028 0.000 0.000 0.000 0.003 0.013 0.061 0.093
p.Ind 2.brittlestar    0.012 0.024 0.000 0.000 0.000 0.003 0.012 0.058 0.083
p.Ind 3.brittlestar    0.013 0.025 0.000 0.000 0.000 0.003 0.013 0.060 0.087
p.Ind 4.brittlestar    0.011 0.021 0.000 0.000 0.000 0.003 0.012 0.053 0.077
p.Ind 5.brittlestar    0.012 0.023 0.000 0.000 0.000 0.002 0.012 0.053 0.080
p.Ind 6.brittlestar    0.013 0.026 0.000 0.000 0.001 0.004 0.015 0.056 0.080
p.Ind 7.brittlestar    0.014 0.026 0.000 0.000 0.001 0.004 0.015 0.061 0.092
p.Ind 8.brittlestar    0.013 0.027 0.000 0.000 0.001 0.004 0.014 0.057 0.083
p.Ind 9.brittlestar    0.012 0.024 0.000 0.000 0.000 0.003 0.013 0.059 0.085
p.Ind 10.brittlestar   0.012 0.025 0.000 0.000 0.000 0.002 0.012 0.062 0.090
p.Ind 11.brittlestar   0.013 0.025 0.000 0.000 0.000 0.003 0.013 0.060 0.084
p.Ind 12.brittlestar   0.012 0.024 0.000 0.000 0.000 0.003 0.013 0.057 0.085
p.Ind 13.brittlestar   0.012 0.023 0.000 0.000 0.000 0.003 0.012 0.058 0.081
p.Ind 14.brittlestar   0.012 0.024 0.000 0.000 0.000 0.003 0.012 0.056 0.080
p.Ind 15.brittlestar   0.012 0.024 0.000 0.000 0.000 0.003 0.012 0.056 0.082
p.Ind 16.brittlestar   0.012 0.023 0.000 0.000 0.000 0.003 0.012 0.057 0.084
p.Ind 17.brittlestar   0.011 0.020 0.000 0.000 0.000 0.003 0.012 0.052 0.072
p.Ind 18.brittlestar   0.012 0.023 0.000 0.000 0.000 0.003 0.013 0.060 0.081
p.Ind 19.brittlestar   0.012 0.023 0.000 0.000 0.000 0.003 0.013 0.056 0.080
p.Ind 20.brittlestar   0.012 0.021 0.000 0.000 0.001 0.004 0.015 0.052 0.074
p.Ind 21.brittlestar   0.013 0.025 0.000 0.000 0.001 0.004 0.015 0.057 0.079
p.Ind 22.brittlestar   0.012 0.021 0.000 0.000 0.001 0.004 0.014 0.053 0.073
p.Ind 23.brittlestar   0.012 0.021 0.000 0.000 0.001 0.004 0.014 0.049 0.073
p.Ind 24.brittlestar   0.013 0.023 0.000 0.000 0.001 0.004 0.015 0.052 0.080
p.Ind 25.brittlestar   0.013 0.023 0.000 0.000 0.001 0.004 0.014 0.055 0.078
p.Ind 26.brittlestar   0.013 0.024 0.000 0.000 0.001 0.004 0.015 0.054 0.080
p.Ind 27.brittlestar   0.012 0.022 0.000 0.000 0.001 0.004 0.014 0.052 0.076
p.Ind 28.brittlestar   0.013 0.023 0.000 0.000 0.001 0.004 0.015 0.057 0.076
p.Ind 29.brittlestar   0.012 0.024 0.000 0.000 0.001 0.004 0.014 0.052 0.077
p.Ind 30.brittlestar   0.012 0.023 0.000 0.000 0.000 0.003 0.013 0.056 0.080
p.Ind 31.brittlestar   0.012 0.025 0.000 0.000 0.000 0.003 0.012 0.059 0.083
p.Ind 1.clam           0.584 0.159 0.231 0.283 0.489 0.607 0.700 0.808 0.840
p.Ind 2.clam           0.612 0.162 0.235 0.306 0.516 0.637 0.727 0.841 0.872
p.Ind 3.clam           0.568 0.155 0.224 0.280 0.469 0.585 0.681 0.795 0.827
p.Ind 4.clam           0.614 0.158 0.242 0.320 0.523 0.638 0.726 0.840 0.872
p.Ind 5.clam           0.646 0.161 0.259 0.347 0.549 0.672 0.761 0.869 0.902
p.Ind 6.clam           0.476 0.185 0.132 0.181 0.346 0.462 0.605 0.797 0.840
p.Ind 7.clam           0.379 0.131 0.120 0.157 0.288 0.384 0.470 0.588 0.633
p.Ind 8.clam           0.450 0.182 0.125 0.170 0.321 0.434 0.565 0.788 0.833
p.Ind 9.clam           0.561 0.156 0.209 0.272 0.459 0.582 0.674 0.780 0.822
p.Ind 10.clam          0.625 0.161 0.248 0.316 0.533 0.649 0.739 0.852 0.887
p.Ind 11.clam          0.570 0.158 0.215 0.276 0.468 0.591 0.688 0.793 0.824
p.Ind 12.clam          0.559 0.156 0.212 0.272 0.456 0.576 0.672 0.784 0.812
p.Ind 13.clam          0.584 0.155 0.234 0.294 0.488 0.606 0.694 0.805 0.840
p.Ind 14.clam          0.540 0.157 0.198 0.252 0.435 0.559 0.658 0.768 0.802
p.Ind 15.clam          0.553 0.158 0.213 0.263 0.449 0.570 0.668 0.783 0.813
p.Ind 16.clam          0.598 0.155 0.242 0.310 0.507 0.618 0.709 0.823 0.853
p.Ind 17.clam          0.591 0.160 0.216 0.282 0.497 0.612 0.705 0.817 0.851
p.Ind 18.clam          0.527 0.156 0.193 0.243 0.423 0.544 0.643 0.758 0.790
p.Ind 19.clam          0.486 0.156 0.169 0.218 0.380 0.492 0.605 0.724 0.756
p.Ind 20.clam          0.398 0.131 0.125 0.172 0.309 0.405 0.486 0.609 0.642
p.Ind 21.clam          0.367 0.133 0.104 0.137 0.276 0.370 0.462 0.579 0.611
p.Ind 22.clam          0.409 0.129 0.143 0.191 0.323 0.416 0.495 0.613 0.658
p.Ind 23.clam          0.344 0.124 0.096 0.128 0.259 0.346 0.432 0.539 0.576
p.Ind 24.clam          0.414 0.140 0.128 0.172 0.326 0.419 0.509 0.638 0.688
p.Ind 25.clam          0.380 0.127 0.121 0.163 0.295 0.382 0.469 0.585 0.620
p.Ind 26.clam          0.381 0.129 0.124 0.163 0.290 0.386 0.471 0.585 0.623
p.Ind 27.clam          0.316 0.122 0.085 0.110 0.232 0.315 0.405 0.517 0.545
p.Ind 28.clam          0.432 0.149 0.133 0.182 0.333 0.430 0.530 0.689 0.732
p.Ind 29.clam          0.393 0.125 0.122 0.172 0.313 0.396 0.479 0.588 0.624
p.Ind 30.clam          0.561 0.157 0.215 0.270 0.460 0.582 0.675 0.784 0.823
p.Ind 31.clam          0.626 0.162 0.244 0.317 0.534 0.651 0.740 0.851 0.887
p.Ind 1.crab           0.058 0.069 0.001 0.003 0.013 0.033 0.078 0.195 0.261
p.Ind 2.crab           0.059 0.071 0.001 0.002 0.013 0.033 0.077 0.206 0.273
p.Ind 3.crab           0.055 0.062 0.002 0.003 0.013 0.032 0.075 0.185 0.234
p.Ind 4.crab           0.058 0.069 0.001 0.003 0.012 0.032 0.077 0.207 0.253
p.Ind 5.crab           0.061 0.078 0.001 0.002 0.012 0.032 0.078 0.222 0.297
p.Ind 6.crab           0.106 0.116 0.005 0.007 0.029 0.066 0.133 0.353 0.446
p.Ind 7.crab           0.087 0.081 0.005 0.008 0.030 0.064 0.118 0.258 0.310
p.Ind 8.crab           0.112 0.121 0.005 0.008 0.030 0.068 0.141 0.396 0.468
p.Ind 9.crab           0.056 0.063 0.001 0.003 0.013 0.034 0.075 0.184 0.235
p.Ind 10.crab          0.062 0.076 0.001 0.002 0.012 0.033 0.081 0.225 0.281
p.Ind 11.crab          0.054 0.061 0.002 0.003 0.013 0.033 0.073 0.182 0.228
p.Ind 12.crab          0.055 0.063 0.002 0.003 0.013 0.033 0.074 0.183 0.232
p.Ind 13.crab          0.056 0.064 0.002 0.003 0.012 0.033 0.078 0.192 0.241
p.Ind 14.crab          0.053 0.059 0.001 0.003 0.013 0.033 0.073 0.170 0.214
p.Ind 15.crab          0.053 0.059 0.001 0.003 0.013 0.032 0.072 0.179 0.214
p.Ind 16.crab          0.057 0.066 0.001 0.002 0.013 0.033 0.076 0.185 0.244
p.Ind 17.crab          0.058 0.070 0.001 0.002 0.012 0.032 0.076 0.205 0.260
p.Ind 18.crab          0.053 0.059 0.002 0.003 0.013 0.032 0.072 0.173 0.222
p.Ind 19.crab          0.050 0.054 0.002 0.003 0.013 0.032 0.068 0.164 0.198
p.Ind 20.crab          0.080 0.073 0.004 0.008 0.028 0.060 0.105 0.228 0.275
p.Ind 21.crab          0.086 0.077 0.005 0.008 0.031 0.063 0.117 0.245 0.295
p.Ind 22.crab          0.082 0.075 0.005 0.008 0.029 0.060 0.109 0.233 0.294
p.Ind 23.crab          0.074 0.066 0.004 0.007 0.027 0.056 0.102 0.210 0.251
p.Ind 24.crab          0.085 0.079 0.005 0.008 0.030 0.063 0.111 0.249 0.294
p.Ind 25.crab          0.080 0.071 0.005 0.008 0.029 0.060 0.108 0.222 0.274
p.Ind 26.crab          0.083 0.073 0.005 0.008 0.031 0.061 0.114 0.227 0.284
p.Ind 27.crab          0.072 0.061 0.005 0.008 0.027 0.055 0.100 0.192 0.234
p.Ind 28.crab          0.089 0.084 0.005 0.008 0.030 0.065 0.119 0.259 0.324
p.Ind 29.crab          0.076 0.069 0.005 0.008 0.028 0.057 0.101 0.215 0.258
p.Ind 30.crab          0.056 0.065 0.001 0.003 0.013 0.033 0.076 0.193 0.241
p.Ind 31.crab          0.061 0.075 0.001 0.002 0.012 0.032 0.078 0.216 0.283
p.Ind 1.fish           0.250 0.085 0.095 0.117 0.190 0.248 0.301 0.391 0.423
p.Ind 2.fish           0.224 0.081 0.070 0.093 0.170 0.222 0.276 0.356 0.387
p.Ind 3.fish           0.278 0.092 0.108 0.137 0.218 0.274 0.331 0.432 0.483
p.Ind 4.fish           0.233 0.083 0.079 0.099 0.176 0.231 0.284 0.369 0.409
p.Ind 5.fish           0.193 0.078 0.053 0.070 0.135 0.191 0.246 0.324 0.348
p.Ind 6.fish           0.275 0.131 0.064 0.082 0.169 0.265 0.376 0.489 0.531
p.Ind 7.fish           0.409 0.096 0.232 0.264 0.345 0.403 0.465 0.575 0.613
p.Ind 8.fish           0.297 0.141 0.069 0.086 0.179 0.289 0.403 0.530 0.575
p.Ind 9.fish           0.286 0.092 0.115 0.145 0.223 0.280 0.341 0.448 0.491
p.Ind 10.fish          0.209 0.080 0.060 0.081 0.152 0.209 0.262 0.340 0.365
p.Ind 11.fish          0.276 0.092 0.111 0.137 0.215 0.270 0.329 0.438 0.477
p.Ind 12.fish          0.286 0.093 0.125 0.145 0.223 0.280 0.341 0.447 0.489
p.Ind 13.fish          0.262 0.087 0.104 0.127 0.204 0.258 0.315 0.405 0.444
p.Ind 14.fish          0.312 0.100 0.143 0.168 0.245 0.303 0.368 0.493 0.542
p.Ind 15.fish          0.298 0.097 0.129 0.158 0.233 0.291 0.355 0.477 0.508
p.Ind 16.fish          0.247 0.085 0.086 0.113 0.190 0.242 0.298 0.390 0.434
p.Ind 17.fish          0.259 0.088 0.099 0.121 0.202 0.255 0.314 0.404 0.443
p.Ind 18.fish          0.324 0.102 0.146 0.176 0.252 0.315 0.385 0.504 0.547
p.Ind 19.fish          0.373 0.116 0.176 0.202 0.289 0.363 0.448 0.574 0.626
p.Ind 20.fish          0.409 0.102 0.231 0.258 0.341 0.402 0.468 0.589 0.634
p.Ind 21.fish          0.427 0.105 0.245 0.273 0.357 0.418 0.489 0.614 0.660
p.Ind 22.fish          0.395 0.101 0.217 0.245 0.327 0.388 0.454 0.571 0.615
p.Ind 23.fish          0.477 0.112 0.284 0.318 0.399 0.465 0.543 0.683 0.724
p.Ind 24.fish          0.380 0.107 0.188 0.217 0.306 0.374 0.444 0.566 0.617
p.Ind 25.fish          0.427 0.105 0.245 0.274 0.356 0.416 0.486 0.615 0.654
p.Ind 26.fish          0.419 0.102 0.245 0.267 0.349 0.408 0.480 0.601 0.649
p.Ind 27.fish          0.509 0.118 0.316 0.339 0.423 0.495 0.585 0.723 0.770
p.Ind 28.fish          0.354 0.114 0.153 0.176 0.275 0.349 0.427 0.544 0.592
p.Ind 29.fish          0.422 0.100 0.252 0.277 0.356 0.412 0.477 0.600 0.643
p.Ind 30.fish          0.285 0.093 0.119 0.144 0.223 0.277 0.337 0.446 0.489
p.Ind 31.fish          0.209 0.081 0.063 0.080 0.153 0.206 0.260 0.345 0.372
p.Ind 1.snail          0.057 0.065 0.002 0.003 0.013 0.034 0.075 0.200 0.237
p.Ind 2.snail          0.057 0.068 0.001 0.002 0.013 0.033 0.075 0.194 0.244
p.Ind 3.snail          0.052 0.056 0.002 0.003 0.013 0.033 0.071 0.172 0.206
p.Ind 4.snail          0.051 0.058 0.001 0.003 0.012 0.031 0.069 0.174 0.216
p.Ind 5.snail          0.055 0.067 0.001 0.002 0.012 0.030 0.072 0.200 0.245
p.Ind 6.snail          0.108 0.125 0.004 0.007 0.028 0.061 0.133 0.402 0.482
p.Ind 7.snail          0.086 0.082 0.005 0.008 0.030 0.061 0.115 0.255 0.316
p.Ind 8.snail          0.106 0.118 0.004 0.007 0.028 0.063 0.136 0.378 0.450
p.Ind 9.snail          0.051 0.054 0.001 0.003 0.013 0.032 0.069 0.166 0.199
p.Ind 10.snail         0.057 0.068 0.001 0.002 0.012 0.032 0.076 0.208 0.259
p.Ind 11.snail         0.052 0.056 0.001 0.003 0.013 0.032 0.070 0.169 0.211
p.Ind 12.snail         0.053 0.057 0.002 0.003 0.014 0.033 0.071 0.172 0.211
p.Ind 13.snail         0.052 0.057 0.002 0.002 0.013 0.033 0.071 0.174 0.214
p.Ind 14.snail         0.050 0.053 0.001 0.003 0.013 0.032 0.068 0.158 0.195
p.Ind 15.snail         0.050 0.054 0.001 0.003 0.013 0.031 0.070 0.167 0.199
p.Ind 16.snail         0.052 0.058 0.001 0.002 0.013 0.032 0.070 0.174 0.217
p.Ind 17.snail         0.050 0.055 0.002 0.003 0.012 0.031 0.068 0.164 0.209
p.Ind 18.snail         0.050 0.052 0.002 0.003 0.014 0.032 0.069 0.160 0.189
p.Ind 19.snail         0.046 0.048 0.001 0.003 0.013 0.030 0.065 0.144 0.176
p.Ind 20.snail         0.080 0.076 0.004 0.007 0.027 0.058 0.106 0.234 0.291
p.Ind 21.snail         0.083 0.076 0.004 0.008 0.029 0.062 0.114 0.239 0.291
p.Ind 22.snail         0.080 0.076 0.005 0.008 0.027 0.057 0.108 0.235 0.289
p.Ind 23.snail         0.072 0.065 0.004 0.007 0.026 0.053 0.100 0.209 0.248
p.Ind 24.snail         0.085 0.083 0.004 0.007 0.028 0.059 0.114 0.250 0.323
p.Ind 25.snail         0.079 0.074 0.004 0.007 0.027 0.058 0.106 0.233 0.286
p.Ind 26.snail         0.082 0.077 0.005 0.008 0.028 0.060 0.112 0.235 0.293
p.Ind 27.snail         0.070 0.062 0.004 0.007 0.026 0.053 0.098 0.192 0.231
p.Ind 28.snail         0.089 0.088 0.004 0.007 0.028 0.062 0.118 0.271 0.332
p.Ind 29.snail         0.076 0.072 0.004 0.007 0.026 0.055 0.104 0.220 0.274
p.Ind 30.snail         0.051 0.055 0.001 0.003 0.013 0.032 0.069 0.165 0.206
p.Ind 31.snail         0.058 0.070 0.001 0.002 0.013 0.033 0.075 0.202 0.265
