
#################################################################
# Summary Statistics
#################################################################
  
DIC = 78.7403

                      Mean    SD  2.5%    5%   25%   50%   75%   95% 97.5%
p.global.alphworm    0.012 0.045 0.000 0.000 0.000 0.000 0.000 0.080 0.162
p.global.brittlestar 0.012 0.030 0.000 0.000 0.000 0.000 0.007 0.072 0.106
p.global.clam        0.010 0.047 0.000 0.000 0.000 0.000 0.000 0.062 0.154
p.global.crab        0.380 0.098 0.175 0.207 0.316 0.385 0.450 0.532 0.553
p.global.fish        0.392 0.040 0.313 0.329 0.367 0.392 0.417 0.456 0.470
p.global.snail       0.194 0.087 0.048 0.065 0.128 0.185 0.250 0.349 0.384
