
################################################################################
# Gelman-Rubin Diagnostic
################################################################################

Generally the Gelman diagnostic should be < 1.05


Out of 194 variables: 2 > 1.01

                      
0 > 1.05

                      
0 > 1.1


The worst variables are:

            Point est. Upper C.I.
p.ind[6,2]    1.011174   1.014748
p.ind[12,2]   1.010742   1.015299
p.ind[30,1]   1.008653   1.016137
p.ind[19,2]   1.008274   1.012560
p.ind[16,2]   1.008028   1.016074
p.ind[31,2]   1.007554   1.013317
p.ind[7,1]    1.007500   1.013804
p.ind[17,2]   1.007434   1.011098
p.ind[12,1]   1.007397   1.014027
p.ind[27,1]   1.007207   1.012843


And here are the Gelman diagnostics for all variables:

            Point est. Upper C.I.
deviance     1.0001427  1.0009481
ind.sig      1.0005503  1.0030988
p.global[1]  1.0030121  1.0095716
p.global[2]  1.0021743  1.0057414
p.global[3]  1.0000218  1.0011865
p.global[4]  1.0001435  1.0014239
p.global[5]  1.0002250  1.0019110
p.global[6]  1.0003193  1.0023999
p.ind[10,1]  1.0011081  1.0030846
p.ind[10,2]  1.0026187  1.0055781
p.ind[10,3]  1.0004957  1.0018605
p.ind[10,4]  0.9997273  1.0003327
p.ind[10,5]  1.0004267  1.0019179
p.ind[10,6]  1.0045372  1.0131402
p.ind[1,1]   1.0032007  1.0082435
p.ind[11,1]  1.0003603  1.0025471
p.ind[11,2]  1.0023554  1.0032240
p.ind[11,3]  1.0003963  1.0019511
p.ind[11,4]  0.9998853  1.0005667
p.ind[11,5]  0.9996501  0.9999465
p.ind[11,6]  0.9999111  1.0009906
p.ind[1,2]   1.0046110  1.0068604
p.ind[12,1]  1.0073972  1.0140271
p.ind[12,2]  1.0107415  1.0152994
p.ind[12,3]  0.9999930  1.0008993
p.ind[12,4]  1.0006320  1.0014673
p.ind[12,5]  1.0013520  1.0059040
p.ind[12,6]  1.0003466  1.0016307
p.ind[1,3]   1.0005834  1.0028299
p.ind[13,1]  1.0032969  1.0068746
p.ind[13,2]  1.0008824  1.0035066
p.ind[13,3]  1.0009111  1.0045486
p.ind[13,4]  1.0003903  1.0017654
p.ind[13,5]  1.0004940  1.0022004
p.ind[13,6]  0.9998626  1.0005227
p.ind[1,4]   1.0002527  1.0020147
p.ind[14,1]  1.0009320  1.0042158
p.ind[14,2]  1.0005155  1.0025783
p.ind[14,3]  1.0014319  1.0044866
p.ind[14,4]  1.0002453  1.0007078
p.ind[14,5]  1.0007044  1.0036099
p.ind[14,6]  1.0002035  1.0010173
p.ind[1,5]   0.9996254  0.9998843
p.ind[15,1]  1.0049350  1.0084179
p.ind[15,2]  1.0028228  1.0050037
p.ind[15,3]  1.0023882  1.0055681
p.ind[15,4]  0.9998394  1.0004841
p.ind[15,5]  1.0007313  1.0030182
p.ind[15,6]  1.0026503  1.0080956
p.ind[1,6]   0.9999614  0.9999850
p.ind[16,1]  1.0013706  1.0041082
p.ind[16,2]  1.0080284  1.0160743
p.ind[16,3]  1.0010945  1.0040355
p.ind[16,4]  1.0018929  1.0065500
p.ind[16,5]  0.9999183  1.0002109
p.ind[16,6]  1.0000177  1.0009198
p.ind[17,1]  1.0065970  1.0153252
p.ind[17,2]  1.0074341  1.0110982
p.ind[17,3]  0.9998413  1.0001478
p.ind[17,4]  1.0006759  1.0024250
p.ind[17,5]  1.0002162  1.0013014
p.ind[17,6]  1.0005592  1.0018249
p.ind[18,1]  1.0058507  1.0144199
p.ind[18,2]  1.0021900  1.0045728
p.ind[18,3]  1.0007305  1.0025373
p.ind[18,4]  1.0000673  1.0010083
p.ind[18,5]  1.0007612  1.0019996
p.ind[18,6]  1.0005812  1.0007861
p.ind[19,1]  1.0020378  1.0056389
p.ind[19,2]  1.0082740  1.0125596
p.ind[19,3]  0.9995493  0.9996006
p.ind[19,4]  1.0001728  1.0006805
p.ind[19,5]  1.0005750  1.0023585
p.ind[19,6]  1.0005862  1.0029534
p.ind[20,1]  1.0040285  1.0100776
p.ind[20,2]  1.0024401  1.0033156
p.ind[20,3]  1.0001235  1.0014359
p.ind[20,4]  0.9996284  0.9997329
p.ind[20,5]  1.0004382  1.0017566
p.ind[20,6]  1.0007359  1.0018579
p.ind[2,1]   1.0044882  1.0096952
p.ind[21,1]  1.0021173  1.0046142
p.ind[21,2]  0.9997565  1.0003528
p.ind[21,3]  1.0006619  1.0019584
p.ind[21,4]  0.9995923  0.9997949
p.ind[21,5]  1.0000868  1.0014965
p.ind[21,6]  1.0009013  1.0041125
p.ind[2,2]   1.0036486  1.0077250
p.ind[22,1]  1.0048976  1.0132526
p.ind[22,2]  1.0020462  1.0047466
p.ind[22,3]  1.0009014  1.0026319
p.ind[22,4]  1.0007172  1.0034798
p.ind[22,5]  0.9999696  1.0006363
p.ind[22,6]  1.0007367  1.0034201
p.ind[2,3]   1.0000323  1.0014596
p.ind[23,1]  1.0057073  1.0140748
p.ind[23,2]  1.0021551  1.0043832
p.ind[23,3]  1.0014700  1.0061238
p.ind[23,4]  1.0017813  1.0073647
p.ind[23,5]  1.0001386  1.0016576
p.ind[23,6]  1.0030107  1.0067060
p.ind[2,4]   1.0013349  1.0039589
p.ind[24,1]  1.0006064  1.0029704
p.ind[24,2]  1.0051093  1.0097332
p.ind[24,3]  0.9995775  0.9997524
p.ind[24,4]  0.9999222  1.0008093
p.ind[24,5]  0.9996606  0.9997355
p.ind[24,6]  0.9998899  1.0001619
p.ind[2,5]   0.9999132  1.0008718
p.ind[25,1]  1.0005386  1.0011175
p.ind[25,2]  1.0051302  1.0070842
p.ind[25,3]  1.0003766  1.0017572
p.ind[25,4]  1.0000076  1.0011647
p.ind[25,5]  1.0027332  1.0071656
p.ind[25,6]  1.0006777  1.0029962
p.ind[2,6]   0.9995425  0.9996086
p.ind[26,1]  1.0016879  1.0066047
p.ind[26,2]  1.0019538  1.0039451
p.ind[26,3]  1.0007873  1.0037971
p.ind[26,4]  0.9996826  1.0000217
p.ind[26,5]  0.9999160  0.9999650
p.ind[26,6]  1.0018089  1.0039461
p.ind[27,1]  1.0072074  1.0128428
p.ind[27,2]  1.0011107  1.0040263
p.ind[27,3]  1.0000326  1.0011834
p.ind[27,4]  1.0004948  1.0024895
p.ind[27,5]  1.0006879  1.0037823
p.ind[27,6]  1.0002541  1.0020745
p.ind[28,1]  1.0022324  1.0047629
p.ind[28,2]  1.0014605  1.0041367
p.ind[28,3]  0.9997957  1.0004712
p.ind[28,4]  0.9996244  0.9997329
p.ind[28,5]  0.9999794  1.0010619
p.ind[28,6]  1.0014618  1.0046838
p.ind[29,1]  1.0031427  1.0082886
p.ind[29,2]  1.0004301  1.0007924
p.ind[29,3]  1.0003878  1.0014354
p.ind[29,4]  1.0022601  1.0076362
p.ind[29,5]  1.0018472  1.0056036
p.ind[29,6]  0.9998355  1.0006518
p.ind[30,1]  1.0086530  1.0161366
p.ind[30,2]  1.0024315  1.0049737
p.ind[30,3]  1.0016442  1.0057012
p.ind[30,4]  1.0016436  1.0044026
p.ind[30,5]  1.0003554  1.0010583
p.ind[30,6]  1.0052936  1.0117050
p.ind[3,1]   1.0001780  1.0014369
p.ind[31,1]  1.0026793  1.0063406
p.ind[31,2]  1.0075543  1.0133170
p.ind[31,3]  1.0004634  1.0029516
p.ind[31,4]  1.0008456  1.0032579
p.ind[31,5]  1.0003368  1.0024397
p.ind[31,6]  1.0003829  1.0011526
p.ind[3,2]   1.0022123  1.0034305
p.ind[3,3]   0.9999291  1.0006395
p.ind[3,4]   0.9997937  1.0004523
p.ind[3,5]   1.0005530  1.0029543
p.ind[3,6]   0.9999832  1.0009969
p.ind[4,1]   1.0004147  1.0026097
p.ind[4,2]   1.0047921  1.0093635
p.ind[4,3]   1.0017212  1.0060881
p.ind[4,4]   0.9999833  1.0004858
p.ind[4,5]   1.0013263  1.0057544
p.ind[4,6]   0.9997473  1.0001125
p.ind[5,1]   1.0012329  1.0055250
p.ind[5,2]   1.0038212  1.0070636
p.ind[5,3]   1.0005369  1.0022253
p.ind[5,4]   0.9999305  1.0002837
p.ind[5,5]   0.9996579  0.9999849
p.ind[5,6]   1.0012946  1.0038171
p.ind[6,1]   1.0004474  1.0017275
p.ind[6,2]   1.0111742  1.0147481
p.ind[6,3]   1.0012699  1.0047859
p.ind[6,4]   1.0005280  1.0023353
p.ind[6,5]   1.0001138  1.0013821
p.ind[6,6]   1.0003550  1.0023649
p.ind[7,1]   1.0075002  1.0138039
p.ind[7,2]   1.0003486  1.0016494
p.ind[7,3]   1.0009322  1.0031836
p.ind[7,4]   1.0019147  1.0050796
p.ind[7,5]   0.9998772  1.0004014
p.ind[7,6]   1.0025365  1.0080586
p.ind[8,1]   1.0021748  1.0059569
p.ind[8,2]   1.0024007  1.0049830
p.ind[8,3]   1.0014013  1.0047891
p.ind[8,4]   1.0002443  1.0011124
p.ind[8,5]   0.9999828  1.0003762
p.ind[8,6]   1.0024010  1.0035036
p.ind[9,1]   1.0014518  1.0050008
p.ind[9,2]   1.0023545  1.0063483
p.ind[9,3]   0.9996569  1.0000745
p.ind[9,4]   0.9998370  0.9999220
p.ind[9,5]   0.9995777  0.9996880
p.ind[9,6]   1.0003673  1.0025145

################################################################################
# Geweke Diagnostic
################################################################################

The Geweke diagnostic is a standard z-score, so we'd expect 5% to be outside +/-1.96
Number of variables outside +/-1.96 in each chain (out of 
194
):


       Chain 1 Chain 2 Chain 3
Geweke      17       5      20


And here are the Geweke diagnostics for all variables:

            chain1 chain2 chain3
deviance     0.549 -0.217 -0.196
ind.sig      0.511  0.841  0.363
p.global[1] -1.630 -1.111  1.533
p.global[2] -0.679 -0.423 -0.281
p.global[3]  0.954  0.806  0.455
p.global[4] -0.676 -0.765 -0.237
p.global[5]  0.693 -0.014 -1.381
p.global[6]  0.877  0.594 -1.633
p.ind[10,1] -1.662 -0.110  0.920
p.ind[10,2] -0.138 -0.173 -0.053
p.ind[10,3]  0.392  0.445 -0.003
p.ind[10,4] -1.484 -0.183 -0.838
p.ind[10,5]  1.815 -0.903 -0.672
p.ind[10,6]  0.462  0.612 -1.839
p.ind[1,1]  -0.786 -0.413  0.962
p.ind[11,1] -3.673 -0.773  2.378
p.ind[11,2] -0.665  0.059 -0.332
p.ind[11,3]  1.438  0.764  0.508
p.ind[11,4]  0.496 -2.269  0.147
p.ind[11,5]  0.262  0.136 -2.500
p.ind[11,6]  0.570  1.446 -0.958
p.ind[1,2]  -0.496 -0.405  0.141
p.ind[12,1] -2.214 -1.126  1.759
p.ind[12,2] -0.960 -0.192 -0.991
p.ind[12,3]  0.226  0.139 -1.171
p.ind[12,4] -0.778  0.232 -0.822
p.ind[12,5]  1.662  0.736  0.880
p.ind[12,6]  1.308 -0.173 -0.566
p.ind[1,3]   0.145  0.689  1.493
p.ind[13,1] -1.110 -0.800  1.262
p.ind[13,2] -1.458 -0.299 -0.415
p.ind[13,3]  1.124  0.369  1.307
p.ind[13,4]  0.272 -0.203 -0.827
p.ind[13,5] -1.088  0.170 -0.809
p.ind[13,6]  0.704  0.374 -3.459
p.ind[1,4]  -0.034 -0.733 -1.465
p.ind[14,1] -1.518 -0.393  1.597
p.ind[14,2] -0.336 -0.400 -0.266
p.ind[14,3]  0.899 -0.310  0.876
p.ind[14,4] -0.639  0.662  0.405
p.ind[14,5]  1.288  0.964 -2.624
p.ind[14,6] -0.403 -0.875 -1.643
p.ind[1,5]   0.267 -0.207 -1.522
p.ind[15,1] -1.026 -0.717  2.153
p.ind[15,2] -0.246 -0.471 -0.316
p.ind[15,3]  0.790  0.689  0.373
p.ind[15,4]  0.013 -2.050 -1.270
p.ind[15,5]  0.262  0.451 -0.258
p.ind[15,6]  0.424  0.833 -1.732
p.ind[1,6]   0.878  0.406 -1.672
p.ind[16,1] -1.101 -0.758  2.029
p.ind[16,2] -1.899 -0.413 -0.703
p.ind[16,3]  0.565 -0.069 -1.347
p.ind[16,4] -0.018 -0.573  0.081
p.ind[16,5] -0.029  0.531  0.480
p.ind[16,6]  1.114  1.141 -1.570
p.ind[17,1] -1.248 -0.480  0.671
p.ind[17,2] -0.535 -0.133  0.164
p.ind[17,3]  0.023 -0.437 -0.299
p.ind[17,4]  0.087 -0.022 -0.661
p.ind[17,5]  0.274  0.509  1.213
p.ind[17,6]  0.184  0.586 -1.271
p.ind[18,1] -2.629 -1.334  1.632
p.ind[18,2] -0.030 -0.420 -0.277
p.ind[18,3] -0.471  1.282  0.398
p.ind[18,4]  0.131  1.024  0.486
p.ind[18,5]  2.352 -1.346 -2.316
p.ind[18,6] -0.051  0.298 -0.549
p.ind[19,1] -0.816  0.012  0.861
p.ind[19,2] -1.614 -1.841 -1.798
p.ind[19,3]  1.499  0.484  0.783
p.ind[19,4] -0.067 -1.449 -0.671
p.ind[19,5] -0.856  0.447  0.459
p.ind[19,6] -0.121 -0.115 -2.615
p.ind[20,1] -1.466 -1.578  1.165
p.ind[20,2]  0.433 -0.689 -0.752
p.ind[20,3] -0.455 -1.113  0.143
p.ind[20,4]  0.633 -0.769  0.288
p.ind[20,5]  0.722  2.678 -1.169
p.ind[20,6]  0.465  0.348 -0.346
p.ind[2,1]  -2.233 -0.946  1.509
p.ind[21,1] -1.619  0.021  0.849
p.ind[21,2] -1.588 -2.153  0.148
p.ind[21,3]  0.367  0.570  0.655
p.ind[21,4] -0.116 -0.073  0.460
p.ind[21,5]  1.248  0.403 -1.598
p.ind[21,6]  0.716 -1.150 -1.514
p.ind[2,2]  -0.370 -1.528  0.064
p.ind[22,1] -2.459 -1.872  1.645
p.ind[22,2] -0.513 -0.547 -1.654
p.ind[22,3]  1.011  0.032  0.353
p.ind[22,4] -0.626 -0.073 -0.571
p.ind[22,5] -0.019  0.635 -0.914
p.ind[22,6]  0.747  0.572 -0.822
p.ind[2,3]   1.268  0.779  0.423
p.ind[23,1] -2.365  0.514  2.523
p.ind[23,2] -1.006 -0.399 -0.428
p.ind[23,3]  1.600  0.140 -0.575
p.ind[23,4] -1.031  0.093  0.020
p.ind[23,5] -0.093 -0.411 -0.680
p.ind[23,6]  1.344 -0.129 -0.908
p.ind[2,4]  -0.714 -1.265 -0.756
p.ind[24,1] -1.131 -0.604  1.419
p.ind[24,2] -0.961 -0.515 -0.899
p.ind[24,3]  1.554 -0.809  0.476
p.ind[24,4] -0.712 -0.185 -0.512
p.ind[24,5] -0.744  1.654 -0.172
p.ind[24,6]  1.036  0.201 -3.276
p.ind[2,5]  -0.048  0.629 -1.257
p.ind[25,1] -2.826 -1.370  1.838
p.ind[25,2] -0.059  0.093  0.396
p.ind[25,3]  0.876  0.374  0.888
p.ind[25,4]  0.054 -0.185 -0.701
p.ind[25,5] -0.289 -0.628 -0.888
p.ind[25,6]  1.429  1.468 -1.966
p.ind[2,6]   0.807  0.012 -0.010
p.ind[26,1] -2.451 -0.361  0.837
p.ind[26,2]  0.553 -0.423 -0.958
p.ind[26,3]  0.242  0.061  0.300
p.ind[26,4]  0.206 -0.034 -0.389
p.ind[26,5]  0.508 -0.424  0.291
p.ind[26,6]  0.830  0.964 -1.425
p.ind[27,1] -3.542 -0.773  2.174
p.ind[27,2] -0.402 -0.765  0.129
p.ind[27,3]  1.108 -1.492  1.117
p.ind[27,4] -0.703 -0.041  0.152
p.ind[27,5]  0.695  1.416 -1.175
p.ind[27,6]  0.250  0.512 -2.531
p.ind[28,1] -2.113 -1.067  2.220
p.ind[28,2] -0.368 -0.551  0.467
p.ind[28,3] -0.079  1.129  0.411
p.ind[28,4] -0.289 -1.523  0.178
p.ind[28,5]  1.655  0.610 -1.692
p.ind[28,6]  0.084 -0.424 -1.247
p.ind[29,1] -1.974 -0.424  1.976
p.ind[29,2]  0.018 -0.258  0.276
p.ind[29,3] -0.622 -1.328  1.618
p.ind[29,4]  0.206 -0.742 -1.156
p.ind[29,5]  1.220  1.375 -2.309
p.ind[29,6] -0.173  1.304 -0.270
p.ind[30,1] -1.038 -0.351  1.469
p.ind[30,2] -1.258 -0.497  0.032
p.ind[30,3]  1.197  1.847  0.064
p.ind[30,4] -2.085 -1.737 -1.452
p.ind[30,5]  1.222 -0.052 -0.273
p.ind[30,6]  0.332 -0.338 -1.004
p.ind[3,1]  -2.300 -1.334  2.544
p.ind[31,1] -2.000 -0.463  1.737
p.ind[31,2] -0.833 -0.148 -0.966
p.ind[31,3] -0.835  0.228 -0.457
p.ind[31,4] -0.625  0.483  0.401
p.ind[31,5]  1.663 -0.920  0.221
p.ind[31,6]  1.963  0.526 -1.602
p.ind[3,2]  -2.090 -1.391 -0.847
p.ind[3,3]   0.614  1.167  0.964
p.ind[3,4]   0.160 -0.629  0.109
p.ind[3,5]   0.602  0.380 -2.319
p.ind[3,6]   0.757 -0.053 -1.240
p.ind[4,1]  -1.501 -0.528  2.724
p.ind[4,2]  -0.681 -0.331 -0.132
p.ind[4,3]   1.515  0.265  0.568
p.ind[4,4]  -0.446  0.794 -0.857
p.ind[4,5]  -0.882 -0.487 -1.905
p.ind[4,6]   1.009 -0.052 -0.285
p.ind[5,1]  -1.787 -1.014  1.325
p.ind[5,2]  -0.105 -0.161  0.184
p.ind[5,3]   0.277  0.141  0.011
p.ind[5,4]  -0.423  0.628 -1.045
p.ind[5,5]   0.207 -0.426 -0.881
p.ind[5,6]   1.394  0.560  1.110
p.ind[6,1]  -1.708 -0.469  0.983
p.ind[6,2]  -1.595 -0.341 -1.288
p.ind[6,3]   1.597  0.501  0.956
p.ind[6,4]  -1.406 -1.276  0.450
p.ind[6,5]   0.346 -0.092 -0.742
p.ind[6,6]   0.629  0.885 -1.207
p.ind[7,1]  -0.853 -1.365  1.437
p.ind[7,2]   0.645 -2.069 -0.899
p.ind[7,3]  -0.257  1.141  0.520
p.ind[7,4]  -1.303 -0.051 -0.177
p.ind[7,5]   0.858 -0.057 -2.241
p.ind[7,6]   1.266  0.138 -0.948
p.ind[8,1]  -1.354 -0.974  1.426
p.ind[8,2]  -1.193 -0.819  0.188
p.ind[8,3]   0.877  0.821 -0.179
p.ind[8,4]  -0.506  0.605  0.359
p.ind[8,5]   0.119  0.244  0.022
p.ind[8,6]   0.504 -0.674 -1.251
p.ind[9,1]  -1.303 -0.215  1.283
p.ind[9,2]  -1.383  0.210 -0.728
p.ind[9,3]   0.436  0.158 -1.073
p.ind[9,4]  -0.130  0.089  0.402
p.ind[9,5]   0.323 -0.571  0.099
p.ind[9,6]   1.175  0.633 -1.055
