
#################################################################
# Summary Statistics
#################################################################
  
DIC = 219.1254

                      Mean    SD  2.5%    5%   25%   50%   75%   95% 97.5%
Individual.SD        0.574 0.184 0.217 0.294 0.453 0.564 0.682 0.892 0.968
p.global.alphworm    0.054 0.064 0.000 0.000 0.006 0.029 0.083 0.187 0.225
p.global.brittlestar 0.012 0.016 0.000 0.000 0.001 0.005 0.016 0.044 0.058
p.global.clam        0.220 0.103 0.050 0.068 0.145 0.210 0.289 0.407 0.438
p.global.crab        0.121 0.067 0.015 0.024 0.070 0.114 0.162 0.243 0.267
p.global.fish        0.494 0.061 0.370 0.393 0.455 0.496 0.534 0.591 0.610
p.global.snail       0.099 0.060 0.011 0.018 0.054 0.090 0.134 0.209 0.237
p.Ind 1.alphworm     0.067 0.099 0.000 0.000 0.005 0.027 0.087 0.269 0.356
p.Ind 2.alphworm     0.067 0.096 0.000 0.000 0.005 0.027 0.090 0.269 0.351
p.Ind 3.alphworm     0.065 0.096 0.000 0.000 0.005 0.027 0.086 0.269 0.354
p.Ind 4.alphworm     0.063 0.093 0.000 0.000 0.005 0.027 0.081 0.251 0.329
p.Ind 5.alphworm     0.066 0.094 0.000 0.000 0.005 0.028 0.086 0.258 0.349
p.Ind 6.alphworm     0.064 0.096 0.000 0.000 0.005 0.027 0.082 0.252 0.338
p.Ind 7.alphworm     0.061 0.096 0.000 0.000 0.005 0.025 0.073 0.259 0.344
p.Ind 8.alphworm     0.061 0.089 0.000 0.000 0.005 0.027 0.081 0.240 0.323
p.Ind 9.alphworm     0.064 0.093 0.000 0.000 0.005 0.027 0.081 0.259 0.346
p.Ind 10.alphworm    0.066 0.096 0.000 0.000 0.005 0.027 0.086 0.264 0.351
p.Ind 11.alphworm    0.064 0.094 0.000 0.000 0.005 0.027 0.083 0.255 0.345
p.Ind 12.alphworm    0.064 0.093 0.000 0.000 0.005 0.026 0.085 0.245 0.321
p.Ind 13.alphworm    0.063 0.092 0.000 0.000 0.005 0.027 0.085 0.254 0.343
p.Ind 14.alphworm    0.059 0.083 0.000 0.000 0.005 0.026 0.078 0.232 0.305
p.Ind 15.alphworm    0.059 0.083 0.000 0.000 0.005 0.026 0.079 0.236 0.301
p.Ind 16.alphworm    0.065 0.094 0.000 0.000 0.005 0.028 0.087 0.257 0.341
p.Ind 17.alphworm    0.054 0.073 0.000 0.000 0.005 0.026 0.074 0.202 0.255
p.Ind 18.alphworm    0.060 0.087 0.000 0.000 0.004 0.026 0.077 0.232 0.309
p.Ind 19.alphworm    0.052 0.071 0.000 0.000 0.005 0.023 0.068 0.203 0.260
p.Ind 20.alphworm    0.045 0.062 0.000 0.000 0.004 0.022 0.062 0.170 0.214
p.Ind 21.alphworm    0.059 0.089 0.000 0.000 0.005 0.024 0.074 0.241 0.315
p.Ind 22.alphworm    0.043 0.055 0.000 0.000 0.004 0.022 0.060 0.160 0.200
p.Ind 23.alphworm    0.040 0.054 0.000 0.000 0.004 0.019 0.055 0.151 0.199
p.Ind 24.alphworm    0.049 0.066 0.000 0.000 0.004 0.022 0.070 0.188 0.240
p.Ind 25.alphworm    0.045 0.061 0.000 0.000 0.004 0.021 0.064 0.176 0.224
p.Ind 26.alphworm    0.047 0.064 0.000 0.000 0.004 0.023 0.066 0.184 0.222
p.Ind 27.alphworm    0.037 0.052 0.000 0.000 0.004 0.017 0.051 0.141 0.184
p.Ind 28.alphworm    0.052 0.071 0.000 0.000 0.005 0.024 0.071 0.197 0.256
p.Ind 29.alphworm    0.041 0.054 0.000 0.000 0.004 0.019 0.058 0.149 0.195
p.Ind 30.alphworm    0.064 0.092 0.000 0.000 0.005 0.026 0.084 0.259 0.335
p.Ind 31.alphworm    0.067 0.099 0.000 0.000 0.005 0.028 0.083 0.268 0.358
p.Ind 1.brittlestar  0.015 0.028 0.000 0.000 0.001 0.005 0.018 0.065 0.088
p.Ind 2.brittlestar  0.015 0.025 0.000 0.000 0.001 0.005 0.017 0.064 0.089
p.Ind 3.brittlestar  0.014 0.023 0.000 0.000 0.001 0.005 0.016 0.055 0.077
p.Ind 4.brittlestar  0.014 0.022 0.000 0.000 0.001 0.005 0.017 0.057 0.080
p.Ind 5.brittlestar  0.014 0.023 0.000 0.000 0.001 0.005 0.017 0.055 0.079
p.Ind 6.brittlestar  0.016 0.031 0.000 0.000 0.001 0.005 0.018 0.071 0.106
p.Ind 7.brittlestar  0.013 0.023 0.000 0.000 0.001 0.004 0.016 0.057 0.074
p.Ind 8.brittlestar  0.015 0.025 0.000 0.000 0.001 0.005 0.017 0.062 0.089
p.Ind 9.brittlestar  0.013 0.022 0.000 0.000 0.001 0.004 0.016 0.057 0.078
p.Ind 10.brittlestar 0.015 0.026 0.000 0.000 0.001 0.005 0.017 0.064 0.088
p.Ind 11.brittlestar 0.013 0.022 0.000 0.000 0.001 0.005 0.016 0.056 0.080
p.Ind 12.brittlestar 0.014 0.025 0.000 0.000 0.001 0.005 0.016 0.061 0.089
p.Ind 13.brittlestar 0.013 0.021 0.000 0.000 0.001 0.004 0.016 0.055 0.078
p.Ind 14.brittlestar 0.013 0.021 0.000 0.000 0.001 0.004 0.015 0.054 0.072
p.Ind 15.brittlestar 0.013 0.021 0.000 0.000 0.001 0.005 0.016 0.054 0.072
p.Ind 16.brittlestar 0.014 0.022 0.000 0.000 0.001 0.005 0.017 0.057 0.079
p.Ind 17.brittlestar 0.012 0.019 0.000 0.000 0.001 0.004 0.015 0.049 0.065
p.Ind 18.brittlestar 0.012 0.020 0.000 0.000 0.001 0.004 0.015 0.054 0.070
p.Ind 19.brittlestar 0.011 0.018 0.000 0.000 0.001 0.004 0.014 0.045 0.062
p.Ind 20.brittlestar 0.010 0.017 0.000 0.000 0.001 0.004 0.013 0.041 0.055
p.Ind 21.brittlestar 0.012 0.021 0.000 0.000 0.001 0.004 0.014 0.050 0.071
p.Ind 22.brittlestar 0.010 0.016 0.000 0.000 0.001 0.004 0.014 0.042 0.055
p.Ind 23.brittlestar 0.009 0.014 0.000 0.000 0.001 0.004 0.012 0.036 0.054
p.Ind 24.brittlestar 0.011 0.017 0.000 0.000 0.001 0.004 0.014 0.046 0.065
p.Ind 25.brittlestar 0.011 0.018 0.000 0.000 0.001 0.004 0.013 0.045 0.060
p.Ind 26.brittlestar 0.011 0.018 0.000 0.000 0.001 0.004 0.014 0.046 0.063
p.Ind 27.brittlestar 0.009 0.015 0.000 0.000 0.001 0.003 0.011 0.037 0.050
p.Ind 28.brittlestar 0.012 0.018 0.000 0.000 0.001 0.005 0.014 0.048 0.068
p.Ind 29.brittlestar 0.010 0.015 0.000 0.000 0.001 0.004 0.012 0.041 0.051
p.Ind 30.brittlestar 0.013 0.022 0.000 0.000 0.001 0.005 0.015 0.057 0.077
p.Ind 31.brittlestar 0.016 0.028 0.000 0.000 0.001 0.005 0.017 0.068 0.097
p.Ind 1.clam         0.247 0.157 0.033 0.049 0.124 0.212 0.343 0.552 0.621
p.Ind 2.clam         0.267 0.169 0.033 0.050 0.135 0.234 0.374 0.592 0.660
p.Ind 3.clam         0.235 0.141 0.034 0.047 0.123 0.212 0.326 0.492 0.553
p.Ind 4.clam         0.265 0.164 0.034 0.053 0.134 0.235 0.369 0.580 0.657
p.Ind 5.clam         0.288 0.185 0.038 0.051 0.143 0.252 0.403 0.639 0.700
p.Ind 6.clam         0.279 0.192 0.035 0.050 0.131 0.234 0.383 0.674 0.739
p.Ind 7.clam         0.183 0.111 0.026 0.039 0.098 0.163 0.251 0.394 0.442
p.Ind 8.clam         0.290 0.190 0.034 0.053 0.140 0.250 0.400 0.674 0.752
p.Ind 9.clam         0.224 0.137 0.030 0.046 0.115 0.200 0.311 0.481 0.535
p.Ind 10.clam        0.280 0.178 0.035 0.050 0.140 0.242 0.396 0.625 0.693
p.Ind 11.clam        0.232 0.140 0.032 0.048 0.124 0.208 0.318 0.496 0.552
p.Ind 12.clam        0.225 0.137 0.032 0.045 0.119 0.204 0.307 0.484 0.542
p.Ind 13.clam        0.246 0.151 0.034 0.047 0.124 0.221 0.339 0.539 0.588
p.Ind 14.clam        0.214 0.127 0.030 0.044 0.114 0.196 0.289 0.458 0.513
p.Ind 15.clam        0.220 0.134 0.030 0.043 0.114 0.197 0.304 0.472 0.529
p.Ind 16.clam        0.255 0.159 0.033 0.047 0.130 0.228 0.359 0.555 0.616
p.Ind 17.clam        0.271 0.174 0.035 0.050 0.133 0.235 0.375 0.606 0.675
p.Ind 18.clam        0.202 0.123 0.030 0.044 0.106 0.180 0.279 0.435 0.481
p.Ind 19.clam        0.180 0.108 0.026 0.038 0.095 0.158 0.246 0.386 0.435
p.Ind 20.clam        0.176 0.110 0.025 0.036 0.091 0.155 0.241 0.390 0.438
p.Ind 21.clam        0.181 0.110 0.027 0.040 0.096 0.162 0.249 0.390 0.438
p.Ind 22.clam        0.178 0.109 0.027 0.039 0.093 0.155 0.246 0.380 0.436
p.Ind 23.clam        0.136 0.083 0.021 0.029 0.074 0.120 0.185 0.294 0.332
p.Ind 24.clam        0.205 0.128 0.030 0.041 0.105 0.179 0.282 0.453 0.501
p.Ind 25.clam        0.171 0.105 0.026 0.036 0.090 0.151 0.236 0.366 0.417
p.Ind 26.clam        0.182 0.114 0.024 0.036 0.094 0.162 0.249 0.408 0.458
p.Ind 27.clam        0.125 0.075 0.019 0.029 0.067 0.111 0.171 0.270 0.301
p.Ind 28.clam        0.241 0.153 0.031 0.045 0.117 0.212 0.341 0.531 0.587
p.Ind 29.clam        0.152 0.097 0.022 0.031 0.079 0.131 0.208 0.340 0.392
p.Ind 30.clam        0.226 0.138 0.030 0.045 0.117 0.206 0.312 0.486 0.540
p.Ind 31.clam        0.274 0.174 0.035 0.051 0.136 0.242 0.381 0.610 0.680
p.Ind 1.crab         0.139 0.100 0.010 0.016 0.061 0.118 0.201 0.328 0.385
p.Ind 2.crab         0.151 0.106 0.010 0.017 0.069 0.131 0.214 0.354 0.410
p.Ind 3.crab         0.123 0.088 0.009 0.014 0.054 0.105 0.177 0.290 0.329
p.Ind 4.crab         0.146 0.103 0.009 0.016 0.063 0.128 0.210 0.345 0.388
p.Ind 5.crab         0.173 0.123 0.010 0.016 0.072 0.152 0.255 0.403 0.453
p.Ind 6.crab         0.191 0.139 0.011 0.018 0.076 0.165 0.280 0.449 0.505
p.Ind 7.crab         0.103 0.073 0.008 0.014 0.047 0.087 0.145 0.247 0.279
p.Ind 8.crab         0.199 0.138 0.010 0.017 0.083 0.179 0.291 0.448 0.503
p.Ind 9.crab         0.124 0.089 0.009 0.015 0.055 0.105 0.175 0.296 0.345
p.Ind 10.crab        0.161 0.116 0.008 0.015 0.068 0.138 0.231 0.382 0.434
p.Ind 11.crab        0.124 0.089 0.009 0.015 0.054 0.106 0.176 0.300 0.342
p.Ind 12.crab        0.124 0.090 0.009 0.015 0.054 0.105 0.178 0.307 0.340
p.Ind 13.crab        0.131 0.092 0.009 0.016 0.058 0.114 0.185 0.308 0.340
p.Ind 14.crab        0.115 0.081 0.008 0.014 0.051 0.100 0.165 0.270 0.303
p.Ind 15.crab        0.118 0.084 0.009 0.015 0.052 0.102 0.167 0.275 0.313
p.Ind 16.crab        0.136 0.097 0.010 0.017 0.060 0.115 0.192 0.319 0.366
p.Ind 17.crab        0.137 0.100 0.009 0.016 0.057 0.118 0.198 0.329 0.376
p.Ind 18.crab        0.112 0.079 0.009 0.014 0.051 0.097 0.158 0.267 0.306
p.Ind 19.crab        0.100 0.071 0.008 0.014 0.045 0.084 0.138 0.239 0.275
p.Ind 20.crab        0.096 0.070 0.008 0.012 0.044 0.081 0.134 0.236 0.267
p.Ind 21.crab        0.101 0.073 0.008 0.014 0.046 0.084 0.142 0.243 0.275
p.Ind 22.crab        0.098 0.070 0.007 0.013 0.045 0.082 0.137 0.236 0.275
p.Ind 23.crab        0.077 0.057 0.006 0.009 0.035 0.064 0.107 0.189 0.221
p.Ind 24.crab        0.111 0.079 0.007 0.013 0.049 0.095 0.157 0.264 0.300
p.Ind 25.crab        0.095 0.070 0.007 0.011 0.043 0.080 0.132 0.228 0.267
p.Ind 26.crab        0.100 0.071 0.008 0.014 0.045 0.085 0.141 0.239 0.266
p.Ind 27.crab        0.075 0.056 0.005 0.009 0.033 0.063 0.104 0.181 0.213
p.Ind 28.crab        0.123 0.089 0.009 0.014 0.053 0.105 0.175 0.297 0.333
p.Ind 29.crab        0.087 0.063 0.006 0.011 0.037 0.073 0.121 0.213 0.241
p.Ind 30.crab        0.124 0.087 0.009 0.015 0.056 0.106 0.174 0.291 0.336
p.Ind 31.crab        0.160 0.114 0.010 0.017 0.069 0.138 0.230 0.381 0.429
p.Ind 1.fish         0.411 0.124 0.173 0.211 0.330 0.409 0.492 0.615 0.669
p.Ind 2.fish         0.374 0.123 0.146 0.177 0.288 0.372 0.456 0.586 0.623
p.Ind 3.fish         0.456 0.119 0.225 0.266 0.378 0.453 0.533 0.651 0.701
p.Ind 4.fish         0.396 0.124 0.163 0.195 0.312 0.393 0.473 0.601 0.646
p.Ind 5.fish         0.324 0.125 0.108 0.132 0.236 0.313 0.403 0.543 0.588
p.Ind 6.fish         0.282 0.129 0.072 0.098 0.189 0.267 0.363 0.516 0.560
p.Ind 7.fish         0.549 0.115 0.324 0.369 0.476 0.547 0.623 0.742 0.780
p.Ind 8.fish         0.288 0.125 0.081 0.105 0.197 0.276 0.367 0.516 0.560
p.Ind 9.fish         0.470 0.118 0.240 0.282 0.394 0.469 0.543 0.668 0.707
p.Ind 10.fish        0.348 0.124 0.121 0.151 0.261 0.345 0.431 0.556 0.600
p.Ind 11.fish        0.460 0.118 0.238 0.276 0.379 0.459 0.537 0.658 0.701
p.Ind 12.fish        0.469 0.119 0.245 0.278 0.387 0.467 0.544 0.673 0.712
p.Ind 13.fish        0.439 0.121 0.214 0.247 0.356 0.438 0.517 0.644 0.686
p.Ind 14.fish        0.505 0.112 0.299 0.330 0.429 0.501 0.580 0.692 0.737
p.Ind 15.fish        0.487 0.115 0.267 0.302 0.413 0.485 0.562 0.682 0.730
p.Ind 16.fish        0.418 0.124 0.185 0.228 0.331 0.414 0.498 0.627 0.683
p.Ind 17.fish        0.417 0.129 0.160 0.207 0.327 0.418 0.503 0.627 0.672
p.Ind 18.fish        0.518 0.110 0.314 0.348 0.446 0.515 0.587 0.710 0.748
p.Ind 19.fish        0.575 0.109 0.369 0.405 0.502 0.573 0.647 0.758 0.796
p.Ind 20.fish        0.593 0.105 0.391 0.425 0.522 0.591 0.661 0.773 0.804
p.Ind 21.fish        0.560 0.111 0.351 0.385 0.487 0.558 0.635 0.747 0.786
p.Ind 22.fish        0.590 0.106 0.389 0.417 0.519 0.588 0.659 0.774 0.808
p.Ind 23.fish        0.670 0.099 0.479 0.512 0.599 0.670 0.739 0.839 0.864
p.Ind 24.fish        0.533 0.114 0.318 0.351 0.455 0.529 0.607 0.731 0.768
p.Ind 25.fish        0.597 0.106 0.409 0.430 0.523 0.594 0.668 0.779 0.815
p.Ind 26.fish        0.575 0.111 0.373 0.400 0.497 0.572 0.649 0.766 0.803
p.Ind 27.fish        0.692 0.096 0.507 0.535 0.623 0.690 0.759 0.850 0.875
p.Ind 28.fish        0.474 0.123 0.236 0.274 0.388 0.474 0.555 0.681 0.729
p.Ind 29.fish        0.639 0.106 0.440 0.467 0.568 0.634 0.708 0.820 0.854
p.Ind 30.fish        0.470 0.121 0.241 0.270 0.387 0.466 0.553 0.668 0.712
p.Ind 31.fish        0.348 0.126 0.125 0.149 0.259 0.341 0.430 0.567 0.613
p.Ind 1.snail        0.120 0.096 0.008 0.013 0.047 0.092 0.170 0.308 0.356
p.Ind 2.snail        0.126 0.103 0.008 0.013 0.047 0.097 0.180 0.328 0.385
p.Ind 3.snail        0.107 0.084 0.007 0.012 0.044 0.086 0.148 0.273 0.322
p.Ind 4.snail        0.116 0.094 0.007 0.012 0.046 0.092 0.163 0.304 0.360
p.Ind 5.snail        0.135 0.113 0.007 0.012 0.050 0.104 0.191 0.361 0.428
p.Ind 6.snail        0.167 0.145 0.007 0.012 0.053 0.125 0.250 0.465 0.524
p.Ind 7.snail        0.091 0.072 0.007 0.010 0.036 0.073 0.125 0.235 0.274
p.Ind 8.snail        0.147 0.128 0.007 0.013 0.051 0.109 0.207 0.410 0.487
p.Ind 9.snail        0.105 0.083 0.007 0.012 0.043 0.084 0.147 0.272 0.312
p.Ind 10.snail       0.131 0.108 0.007 0.013 0.049 0.102 0.181 0.350 0.416
p.Ind 11.snail       0.107 0.084 0.007 0.012 0.043 0.085 0.149 0.279 0.323
p.Ind 12.snail       0.103 0.081 0.007 0.012 0.041 0.082 0.141 0.269 0.319
p.Ind 13.snail       0.108 0.087 0.008 0.012 0.043 0.087 0.151 0.281 0.331
p.Ind 14.snail       0.095 0.074 0.007 0.011 0.039 0.075 0.133 0.240 0.281
p.Ind 15.snail       0.103 0.081 0.008 0.012 0.043 0.081 0.142 0.263 0.311
p.Ind 16.snail       0.112 0.091 0.007 0.013 0.045 0.088 0.157 0.297 0.347
p.Ind 17.snail       0.109 0.092 0.007 0.011 0.041 0.084 0.153 0.296 0.339
p.Ind 18.snail       0.095 0.075 0.006 0.010 0.039 0.077 0.134 0.241 0.286
p.Ind 19.snail       0.083 0.064 0.006 0.010 0.035 0.068 0.115 0.207 0.248
p.Ind 20.snail       0.079 0.061 0.006 0.009 0.034 0.066 0.110 0.198 0.232
p.Ind 21.snail       0.086 0.068 0.006 0.010 0.036 0.069 0.120 0.220 0.254
p.Ind 22.snail       0.080 0.063 0.006 0.010 0.034 0.065 0.111 0.208 0.248
p.Ind 23.snail       0.067 0.052 0.005 0.008 0.028 0.054 0.092 0.168 0.198
p.Ind 24.snail       0.090 0.070 0.007 0.011 0.038 0.073 0.124 0.225 0.270
p.Ind 25.snail       0.081 0.063 0.006 0.010 0.032 0.065 0.111 0.205 0.247
p.Ind 26.snail       0.084 0.066 0.006 0.010 0.034 0.068 0.116 0.214 0.253
p.Ind 27.snail       0.063 0.048 0.005 0.008 0.027 0.052 0.085 0.156 0.190
p.Ind 28.snail       0.098 0.079 0.007 0.011 0.039 0.077 0.136 0.258 0.301
p.Ind 29.snail       0.072 0.057 0.006 0.009 0.031 0.057 0.098 0.182 0.220
p.Ind 30.snail       0.103 0.079 0.008 0.011 0.044 0.083 0.145 0.257 0.295
p.Ind 31.snail       0.135 0.111 0.008 0.013 0.051 0.104 0.193 0.355 0.418
