
#################################################################
# Summary Statistics
#################################################################
  
DIC = 163.6729

                        Mean    SD  2.5%    5%   25%   50%   75%   95% 97.5%
p.global.alphworm      0.053 0.048 0.002 0.004 0.018 0.038 0.073 0.152 0.179
p.global.brittlestar   0.033 0.038 0.001 0.001 0.008 0.021 0.045 0.107 0.140
p.global.clam          0.422 0.087 0.245 0.278 0.367 0.423 0.482 0.560 0.586
p.global.crab          0.048 0.047 0.001 0.002 0.013 0.034 0.066 0.141 0.173
p.global.fish          0.400 0.071 0.269 0.290 0.352 0.396 0.444 0.521 0.547
p.global.snail         0.045 0.046 0.001 0.002 0.013 0.031 0.062 0.137 0.164
p.coral.alphworm       0.053 0.048 0.002 0.004 0.018 0.038 0.073 0.152 0.179
p.seagrass.alphworm    0.061 0.080 0.001 0.001 0.009 0.028 0.078 0.241 0.302
p.coral.brittlestar    0.033 0.038 0.001 0.001 0.008 0.021 0.045 0.107 0.140
p.seagrass.brittlestar 0.023 0.028 0.000 0.001 0.004 0.013 0.032 0.082 0.102
p.coral.clam           0.422 0.087 0.245 0.278 0.367 0.423 0.482 0.560 0.586
p.seagrass.clam        0.603 0.127 0.285 0.361 0.538 0.628 0.692 0.764 0.785
p.coral.crab           0.048 0.047 0.001 0.002 0.013 0.034 0.066 0.141 0.173
p.seagrass.crab        0.037 0.052 0.000 0.001 0.006 0.018 0.044 0.140 0.196
p.coral.fish           0.400 0.071 0.269 0.290 0.352 0.396 0.444 0.521 0.547
p.seagrass.fish        0.245 0.050 0.153 0.168 0.211 0.242 0.276 0.335 0.354
p.coral.snail          0.045 0.046 0.001 0.002 0.013 0.031 0.062 0.137 0.164
p.seagrass.snail       0.031 0.041 0.000 0.001 0.006 0.016 0.039 0.113 0.145
