
################################################################################
# Gelman-Rubin Diagnostic
################################################################################

Generally the Gelman diagnostic should be < 1.05


Out of 206 variables: 5 > 1.01

                      
0 > 1.05

                      
0 > 1.1


The worst variables are:

            Point est. Upper C.I.
p.ind[6,2]    1.039478   1.048294
p.ind[28,2]   1.018064   1.030648
p.ind[24,6]   1.012950   1.035284
p.ind[26,2]   1.011125   1.020108
p.ind[27,6]   1.010942   1.033453
p.ind[8,6]    1.009650   1.018493
p.ind[7,6]    1.009188   1.026933
p.ind[19,6]   1.009111   1.025458
p.ind[8,2]    1.009101   1.016818
p.ind[20,2]   1.008541   1.017783


And here are the Gelman diagnostics for all variables:

            Point est. Upper C.I.
deviance     1.0020970  1.0059266
ind.sig      1.0059328  1.0181913
p.fac1[1,1]  1.0010354  1.0041168
p.fac1[1,2]  1.0061911  1.0138711
p.fac1[1,3]  1.0002520  1.0006332
p.fac1[1,4]  1.0040156  1.0153201
p.fac1[1,5]  1.0012528  1.0047110
p.fac1[1,6]  1.0078486  1.0248126
p.fac1[2,1]  1.0002007  1.0010971
p.fac1[2,2]  1.0013485  1.0051124
p.fac1[2,3]  1.0003955  1.0016153
p.fac1[2,4]  1.0009288  1.0045302
p.fac1[2,5]  1.0001535  1.0009291
p.fac1[2,6]  1.0063662  1.0180230
p.global[1]  1.0010354  1.0041168
p.global[2]  1.0061911  1.0138711
p.global[3]  1.0002520  1.0006332
p.global[4]  1.0040156  1.0153201
p.global[5]  1.0012528  1.0047110
p.global[6]  1.0078486  1.0248126
p.ind[10,1]  1.0001340  1.0015459
p.ind[10,2]  1.0019236  1.0068531
p.ind[10,3]  1.0002475  1.0009635
p.ind[10,4]  1.0018777  1.0058125
p.ind[10,5]  1.0009239  1.0047226
p.ind[10,6]  1.0054999  1.0137834
p.ind[1,1]   0.9999687  1.0010790
p.ind[11,1]  1.0004546  1.0020667
p.ind[11,2]  1.0016636  1.0056505
p.ind[11,3]  0.9998695  1.0002368
p.ind[11,4]  1.0018023  1.0074842
p.ind[11,5]  1.0003947  1.0017125
p.ind[11,6]  1.0024934  1.0095118
p.ind[1,2]   1.0002732  1.0022001
p.ind[12,1]  0.9997999  1.0003870
p.ind[12,2]  1.0041720  1.0102238
p.ind[12,3]  0.9999689  1.0007552
p.ind[12,4]  1.0007121  1.0034523
p.ind[12,5]  1.0000436  1.0011609
p.ind[12,6]  1.0045246  1.0129252
p.ind[1,3]   1.0005846  1.0020712
p.ind[13,1]  1.0002124  1.0006897
p.ind[13,2]  1.0011529  1.0028305
p.ind[13,3]  1.0006075  1.0020065
p.ind[13,4]  1.0011194  1.0046072
p.ind[13,5]  0.9997904  1.0002814
p.ind[13,6]  1.0048776  1.0141481
p.ind[1,4]   1.0006851  1.0035899
p.ind[14,1]  1.0000480  1.0007119
p.ind[14,2]  1.0012834  1.0055476
p.ind[14,3]  0.9999589  0.9999700
p.ind[14,4]  1.0020669  1.0075608
p.ind[14,5]  1.0008080  1.0013141
p.ind[14,6]  1.0052017  1.0134151
p.ind[1,5]   1.0020225  1.0078445
p.ind[15,1]  0.9995821  0.9996965
p.ind[15,2]  1.0020337  1.0064192
p.ind[15,3]  0.9998927  1.0004376
p.ind[15,4]  1.0013256  1.0053213
p.ind[15,5]  0.9996315  0.9996846
p.ind[15,6]  1.0066126  1.0189526
p.ind[1,6]   1.0039859  1.0121349
p.ind[16,1]  1.0005866  1.0021659
p.ind[16,2]  1.0024072  1.0062902
p.ind[16,3]  1.0004473  1.0021024
p.ind[16,4]  1.0003947  1.0023040
p.ind[16,5]  0.9997587  1.0002130
p.ind[16,6]  1.0047290  1.0157819
p.ind[17,1]  1.0000679  1.0008320
p.ind[17,2]  1.0011131  1.0046250
p.ind[17,3]  1.0001293  1.0015184
p.ind[17,4]  1.0012639  1.0056660
p.ind[17,5]  1.0006420  1.0036156
p.ind[17,6]  1.0036743  1.0114686
p.ind[18,1]  1.0001473  1.0011765
p.ind[18,2]  1.0030227  1.0070453
p.ind[18,3]  1.0006538  1.0011588
p.ind[18,4]  1.0003150  1.0023917
p.ind[18,5]  1.0007513  1.0008577
p.ind[18,6]  1.0040316  1.0135638
p.ind[19,1]  0.9998525  1.0003349
p.ind[19,2]  1.0014060  1.0061048
p.ind[19,3]  0.9997893  0.9999613
p.ind[19,4]  0.9997980  1.0004753
p.ind[19,5]  1.0000483  1.0014493
p.ind[19,6]  1.0091115  1.0254583
p.ind[20,1]  1.0018615  1.0052380
p.ind[20,2]  1.0085407  1.0177834
p.ind[20,3]  1.0003819  1.0010658
p.ind[20,4]  1.0049468  1.0168063
p.ind[20,5]  1.0009459  1.0010043
p.ind[20,6]  1.0063515  1.0189655
p.ind[2,1]   0.9997408  0.9998453
p.ind[21,1]  1.0062509  1.0108414
p.ind[21,2]  1.0030645  1.0088083
p.ind[21,3]  0.9999720  1.0004371
p.ind[21,4]  1.0041944  1.0134495
p.ind[21,5]  1.0000385  1.0001936
p.ind[21,6]  1.0032270  1.0114445
p.ind[2,2]   1.0007519  1.0038949
p.ind[22,1]  1.0000321  1.0010969
p.ind[22,2]  1.0050475  1.0138691
p.ind[22,3]  0.9996951  0.9999795
p.ind[22,4]  1.0041300  1.0133786
p.ind[22,5]  1.0002115  1.0015501
p.ind[22,6]  1.0076662  1.0218795
p.ind[2,3]   1.0015606  1.0043919
p.ind[23,1]  1.0015747  1.0046724
p.ind[23,2]  1.0032045  1.0084513
p.ind[23,3]  0.9998617  1.0002422
p.ind[23,4]  1.0015821  1.0064348
p.ind[23,5]  1.0001866  1.0012158
p.ind[23,6]  1.0067547  1.0220872
p.ind[2,4]   1.0020962  1.0069248
p.ind[24,1]  1.0018482  1.0050603
p.ind[24,2]  1.0033645  1.0092224
p.ind[24,3]  1.0002625  1.0003754
p.ind[24,4]  1.0030502  1.0117201
p.ind[24,5]  1.0003736  1.0009038
p.ind[24,6]  1.0129497  1.0352835
p.ind[2,5]   1.0007446  1.0032306
p.ind[25,1]  1.0002843  1.0020480
p.ind[25,2]  1.0055811  1.0124010
p.ind[25,3]  0.9998461  1.0006613
p.ind[25,4]  1.0037828  1.0147075
p.ind[25,5]  1.0011491  1.0026342
p.ind[25,6]  1.0058788  1.0200591
p.ind[2,6]   1.0065455  1.0184257
p.ind[26,1]  1.0004395  1.0016181
p.ind[26,2]  1.0111252  1.0201076
p.ind[26,3]  0.9997512  0.9998235
p.ind[26,4]  1.0044536  1.0170723
p.ind[26,5]  0.9996643  0.9999400
p.ind[26,6]  1.0075817  1.0221514
p.ind[27,1]  0.9999238  1.0004901
p.ind[27,2]  1.0033351  1.0099086
p.ind[27,3]  1.0011562  1.0053233
p.ind[27,4]  1.0041014  1.0147930
p.ind[27,5]  1.0027000  1.0102306
p.ind[27,6]  1.0109418  1.0334526
p.ind[28,1]  1.0004666  1.0022114
p.ind[28,2]  1.0180636  1.0306476
p.ind[28,3]  1.0008269  1.0010613
p.ind[28,4]  1.0033483  1.0103746
p.ind[28,5]  1.0020181  1.0034076
p.ind[28,6]  1.0078394  1.0202331
p.ind[29,1]  1.0016303  1.0050644
p.ind[29,2]  1.0081087  1.0160762
p.ind[29,3]  0.9997763  1.0000922
p.ind[29,4]  1.0031434  1.0119968
p.ind[29,5]  1.0003474  1.0004031
p.ind[29,6]  1.0054454  1.0195700
p.ind[30,1]  1.0011985  1.0024420
p.ind[30,2]  1.0018739  1.0070323
p.ind[30,3]  0.9998858  1.0007533
p.ind[30,4]  1.0009888  1.0045119
p.ind[30,5]  1.0007289  1.0014070
p.ind[30,6]  1.0037069  1.0127626
p.ind[3,1]   0.9999300  1.0001603
p.ind[31,1]  1.0007299  1.0038375
p.ind[31,2]  1.0008569  1.0041854
p.ind[31,3]  1.0010985  1.0035748
p.ind[31,4]  1.0013065  1.0052696
p.ind[31,5]  1.0017071  1.0073719
p.ind[31,6]  1.0024990  1.0097309
p.ind[3,2]   1.0012684  1.0050501
p.ind[3,3]   0.9996556  0.9996724
p.ind[3,4]   1.0005869  1.0029256
p.ind[3,5]   1.0005413  1.0016751
p.ind[3,6]   1.0040207  1.0128285
p.ind[4,1]   0.9998287  1.0003827
p.ind[4,2]   1.0009576  1.0043780
p.ind[4,3]   1.0023267  1.0049502
p.ind[4,4]   1.0014904  1.0060564
p.ind[4,5]   1.0019660  1.0083122
p.ind[4,6]   1.0041789  1.0131665
p.ind[5,1]   1.0001073  1.0014073
p.ind[5,2]   1.0026966  1.0082394
p.ind[5,3]   1.0006996  1.0022726
p.ind[5,4]   1.0012348  1.0050074
p.ind[5,5]   1.0004952  1.0031351
p.ind[5,6]   1.0048838  1.0134838
p.ind[6,1]   1.0042032  1.0091280
p.ind[6,2]   1.0394778  1.0482940
p.ind[6,3]   1.0014479  1.0027419
p.ind[6,4]   1.0013763  1.0060821
p.ind[6,5]   1.0027484  1.0073954
p.ind[6,6]   1.0053353  1.0137272
p.ind[7,1]   1.0012457  1.0044854
p.ind[7,2]   1.0076915  1.0154322
p.ind[7,3]   0.9999656  0.9999956
p.ind[7,4]   1.0042196  1.0145125
p.ind[7,5]   0.9995583  0.9995767
p.ind[7,6]   1.0091879  1.0269325
p.ind[8,1]   1.0037181  1.0083333
p.ind[8,2]   1.0091013  1.0168180
p.ind[8,3]   1.0013269  1.0014844
p.ind[8,4]   1.0039584  1.0144605
p.ind[8,5]   1.0015374  1.0044420
p.ind[8,6]   1.0096496  1.0184932
p.ind[9,1]   0.9999104  0.9999171
p.ind[9,2]   1.0035941  1.0059380
p.ind[9,3]   1.0000589  1.0002544
p.ind[9,4]   1.0004729  1.0029029
p.ind[9,5]   1.0009464  1.0026194
p.ind[9,6]   1.0051668  1.0158646

################################################################################
# Geweke Diagnostic
################################################################################

The Geweke diagnostic is a standard z-score, so we'd expect 5% to be outside +/-1.96
Number of variables outside +/-1.96 in each chain (out of 
206
):


       Chain 1 Chain 2 Chain 3
Geweke      16       8      28


And here are the Geweke diagnostics for all variables:

            chain1 chain2 chain3
deviance    -0.818  1.131 -2.161
ind.sig      0.467 -0.674  2.238
p.fac1[1,1]  0.770 -0.916  1.781
p.fac1[1,2]  0.475  0.679 -0.476
p.fac1[1,3]  1.405  1.432 -0.744
p.fac1[1,4] -0.381 -0.734 -1.279
p.fac1[1,5] -1.623  1.275 -1.144
p.fac1[1,6] -0.880 -1.039  1.478
p.fac1[2,1]  0.833 -1.075  2.216
p.fac1[2,2]  0.496  1.263 -1.256
p.fac1[2,3] -0.116  1.811 -0.833
p.fac1[2,4]  0.265 -1.095 -1.303
p.fac1[2,5]  0.289  0.771 -0.811
p.fac1[2,6] -2.790 -0.605 -0.087
p.global[1]  0.770 -0.916  1.781
p.global[2]  0.475  0.679 -0.476
p.global[3]  1.405  1.432 -0.744
p.global[4] -0.381 -0.734 -1.279
p.global[5] -1.623  1.275 -1.144
p.global[6] -0.880 -1.039  1.478
p.ind[10,1]  1.072 -1.125  2.425
p.ind[10,2]  0.131  0.876 -1.740
p.ind[10,3]  0.345  1.557 -0.369
p.ind[10,4]  0.958 -1.364  0.071
p.ind[10,5] -1.689  0.962 -2.613
p.ind[10,6] -1.529 -0.726 -0.503
p.ind[1,1]   1.311 -1.122  2.202
p.ind[11,1]  1.191 -1.391  2.405
p.ind[11,2]  0.480  1.216 -1.825
p.ind[11,3] -0.103  2.115 -1.510
p.ind[11,4]  0.626 -0.823 -1.447
p.ind[11,5] -0.537  1.672  0.339
p.ind[11,6] -3.227 -1.318 -0.206
p.ind[1,2]   0.378  1.458 -0.385
p.ind[12,1]  0.898 -0.786  1.896
p.ind[12,2]  0.923  1.830 -1.981
p.ind[12,3] -0.530  1.996 -1.235
p.ind[12,4]  0.079 -0.460 -0.967
p.ind[12,5]  0.578  0.350  0.834
p.ind[12,6] -2.692 -1.249 -0.781
p.ind[1,3]  -0.151  1.533 -1.003
p.ind[13,1]  0.238 -0.975  1.697
p.ind[13,2]  0.248  1.237 -1.906
p.ind[13,3]  0.111  1.599 -0.942
p.ind[13,4]  0.160 -0.659 -0.438
p.ind[13,5]  0.920  0.211 -0.368
p.ind[13,6] -2.781 -0.093  0.320
p.ind[1,4]  -0.321 -0.766 -1.717
p.ind[14,1]  1.303 -1.097  1.582
p.ind[14,2]  0.310  1.927 -1.221
p.ind[14,3]  0.357  0.876 -0.279
p.ind[14,4]  0.049 -0.282 -1.450
p.ind[14,5] -0.884  0.878 -0.659
p.ind[14,6] -2.847 -0.310 -0.021
p.ind[1,5]  -0.293  0.849 -1.180
p.ind[15,1]  1.276 -1.250  2.074
p.ind[15,2]  0.960  1.330 -1.234
p.ind[15,3] -0.666  1.558 -1.462
p.ind[15,4]  1.070  0.074 -0.719
p.ind[15,5] -0.675  0.605 -1.420
p.ind[15,6] -2.281 -0.699  0.520
p.ind[1,6]  -2.073 -0.254  0.295
p.ind[16,1]  0.931 -1.337  2.318
p.ind[16,2]  0.653  1.461 -0.435
p.ind[16,3] -0.767  1.684 -0.904
p.ind[16,4]  0.039 -0.747 -1.313
p.ind[16,5]  1.477  1.801 -1.858
p.ind[16,6] -2.705 -0.547  0.267
p.ind[17,1]  0.506 -1.445  0.985
p.ind[17,2]  0.808  1.155 -1.327
p.ind[17,3]  0.096  1.763  0.488
p.ind[17,4]  0.001 -0.680 -0.302
p.ind[17,5] -0.240  0.911 -1.566
p.ind[17,6] -2.182 -0.755 -0.316
p.ind[18,1]  1.202 -0.884  2.273
p.ind[18,2]  0.480  1.219 -1.810
p.ind[18,3]  0.060  1.755 -1.186
p.ind[18,4]  0.053 -1.060 -1.057
p.ind[18,5] -0.709  1.106 -0.966
p.ind[18,6] -3.261 -0.669 -0.330
p.ind[19,1]  0.572 -1.476  1.170
p.ind[19,2]  0.585  1.537 -2.732
p.ind[19,3] -0.218  2.564 -2.240
p.ind[19,4] -0.266 -0.234 -1.096
p.ind[19,5]  0.193  0.154  1.761
p.ind[19,6] -2.292 -0.523 -0.386
p.ind[20,1]  0.513 -0.836  1.285
p.ind[20,2]  0.422  0.936 -1.475
p.ind[20,3]  0.902  1.902 -0.628
p.ind[20,4] -0.913 -0.784 -1.284
p.ind[20,5] -0.245 -0.152  0.227
p.ind[20,6] -1.163 -0.550  1.076
p.ind[2,1]   0.648 -0.921  2.488
p.ind[21,1]  0.149 -1.056  1.441
p.ind[21,2] -0.301  0.743 -0.637
p.ind[21,3]  1.127  1.799 -0.759
p.ind[21,4] -1.352 -1.074 -0.115
p.ind[21,5] -0.294  0.587 -1.352
p.ind[21,6] -1.639 -0.894  1.382
p.ind[2,2]   0.624  1.769 -1.280
p.ind[22,1]  1.165 -1.663  1.663
p.ind[22,2]  0.157  0.607 -1.291
p.ind[22,3]  1.953  1.241 -0.700
p.ind[22,4] -0.454 -0.508 -1.056
p.ind[22,5] -1.518  1.496 -0.202
p.ind[22,6] -1.509 -1.356  0.596
p.ind[2,3]   0.027  0.947 -0.915
p.ind[23,1]  0.115 -1.085  1.487
p.ind[23,2]  0.150  0.695 -1.024
p.ind[23,3]  1.235  1.487 -1.358
p.ind[23,4] -0.559 -0.673 -2.965
p.ind[23,5]  0.015  0.488  1.906
p.ind[23,6] -1.616 -0.642  0.155
p.ind[2,4]   0.818 -0.945 -0.780
p.ind[24,1]  0.976 -1.078  1.903
p.ind[24,2]  0.198  0.847 -0.433
p.ind[24,3]  1.471  2.024  0.313
p.ind[24,4] -0.411 -1.231 -1.760
p.ind[24,5] -1.246  0.018 -0.547
p.ind[24,6] -1.407 -0.654  0.502
p.ind[2,5]  -0.291  1.383 -1.269
p.ind[25,1]  0.585 -0.687  1.269
p.ind[25,2]  0.102  0.536 -0.467
p.ind[25,3]  0.275  1.441 -0.254
p.ind[25,4] -0.971 -0.991 -2.566
p.ind[25,5]  0.655  0.577  1.542
p.ind[25,6] -0.706 -0.735  0.007
p.ind[2,6]  -2.778 -0.795  0.324
p.ind[26,1]  0.524 -1.087  1.883
p.ind[26,2]  0.430  0.636 -0.902
p.ind[26,3]  0.618  1.723 -2.324
p.ind[26,4] -0.786 -0.666 -1.487
p.ind[26,5]  0.477  0.525  0.473
p.ind[26,6] -1.931 -0.956  1.345
p.ind[27,1]  1.375 -0.482  1.830
p.ind[27,2]  0.198  0.768 -0.939
p.ind[27,3]  1.068  1.303 -1.127
p.ind[27,4] -0.631 -0.779 -2.197
p.ind[27,5] -1.353  0.335  1.221
p.ind[27,6] -0.883 -1.116  0.573
p.ind[28,1]  1.066 -0.761  1.502
p.ind[28,2]  0.356  0.657 -0.727
p.ind[28,3]  1.440  1.337  0.123
p.ind[28,4] -0.271 -0.662 -0.414
p.ind[28,5] -0.897  0.306 -1.697
p.ind[28,6] -0.621 -0.828  1.747
p.ind[29,1]  1.016 -0.886  1.696
p.ind[29,2]  0.336  1.570 -0.416
p.ind[29,3]  1.532  2.142 -2.356
p.ind[29,4] -0.819 -1.114 -3.095
p.ind[29,5] -2.408 -0.553  1.293
p.ind[29,6] -0.132 -0.042  1.242
p.ind[30,1]  0.788 -1.088  1.613
p.ind[30,2]  0.910  2.008 -0.753
p.ind[30,3] -0.197  1.234 -1.558
p.ind[30,4]  0.093 -0.904 -0.730
p.ind[30,5]  0.760  1.147  0.170
p.ind[30,6] -3.476 -0.463 -0.427
p.ind[3,1]   0.727 -0.945  1.970
p.ind[31,1]  0.383 -1.098  2.277
p.ind[31,2]  0.381  0.924 -0.406
p.ind[31,3]  0.172  2.356  0.370
p.ind[31,4]  0.358 -1.116 -1.187
p.ind[31,5] -0.073  0.531 -2.007
p.ind[31,6] -1.480 -0.917 -0.158
p.ind[3,2]   0.608  1.079 -1.350
p.ind[3,3]  -0.032  1.658 -0.845
p.ind[3,4]   0.067 -1.178 -1.452
p.ind[3,5]  -0.577  0.747 -0.708
p.ind[3,6]  -1.549 -1.020 -0.582
p.ind[4,1]   0.604 -0.759  1.863
p.ind[4,2]   0.328  1.229 -2.383
p.ind[4,3]   0.380  1.913  0.348
p.ind[4,4]   0.537 -1.366 -0.302
p.ind[4,5]  -0.315  0.460 -1.800
p.ind[4,6]  -2.381 -1.438 -0.482
p.ind[5,1]   0.799 -1.034  1.516
p.ind[5,2]   0.698  1.118 -1.322
p.ind[5,3]   0.106  1.337  0.150
p.ind[5,4]   0.177 -2.040  0.462
p.ind[5,5]  -0.242  1.534 -2.059
p.ind[5,6]  -1.709 -1.303  0.469
p.ind[6,1]   0.702 -1.230  1.239
p.ind[6,2]   0.784  0.909  0.700
p.ind[6,3]   0.577  1.311  0.553
p.ind[6,4]   0.462 -1.209  0.750
p.ind[6,5]  -0.881  0.559 -1.997
p.ind[6,6]  -0.710 -0.366  1.563
p.ind[7,1]   0.487 -0.890  1.457
p.ind[7,2]   0.304  0.707 -0.243
p.ind[7,3]   1.341  1.219 -1.054
p.ind[7,4]  -0.946 -0.473 -0.918
p.ind[7,5]  -0.338  0.719 -1.520
p.ind[7,6]  -1.255 -0.928  1.588
p.ind[8,1]   0.239 -1.143  1.934
p.ind[8,2]   0.699  0.646 -1.007
p.ind[8,3]   1.266  1.285  0.316
p.ind[8,4]   0.548 -0.453  0.345
p.ind[8,5]  -1.220  0.283 -1.685
p.ind[8,6]  -1.012 -1.048  1.776
p.ind[9,1]   0.752 -1.209  2.430
p.ind[9,2]   0.771  1.906 -1.198
p.ind[9,3]  -1.111  1.787 -2.208
p.ind[9,4]   0.527 -0.307 -1.058
p.ind[9,5]   1.348  1.299 -1.168
p.ind[9,6]  -2.472 -0.758  0.130
