
#################################################################
# Summary Statistics
#################################################################
  
DIC = 204.1

                        Mean    SD  2.5%    5%   25%   50%   75%   95% 97.5%
Individual.SD          0.277 0.208 0.013 0.023 0.111 0.228 0.408 0.665 0.748
p.global.alphworm      0.051 0.048 0.000 0.000 0.015 0.040 0.073 0.148 0.177
p.global.brittlestar   0.010 0.014 0.000 0.000 0.001 0.004 0.013 0.037 0.050
p.global.clam          0.153 0.082 0.033 0.042 0.092 0.139 0.199 0.308 0.345
p.global.crab          0.108 0.062 0.014 0.021 0.060 0.099 0.150 0.221 0.241
p.global.fish          0.603 0.064 0.468 0.496 0.562 0.606 0.648 0.705 0.721
p.global.snail         0.075 0.052 0.009 0.013 0.037 0.064 0.103 0.176 0.202
p.coral.alphworm       0.051 0.048 0.000 0.000 0.015 0.040 0.073 0.148 0.177
p.seagrass.alphworm    0.154 0.132 0.000 0.000 0.028 0.132 0.253 0.399 0.442
p.coral.brittlestar    0.010 0.014 0.000 0.000 0.001 0.004 0.013 0.037 0.050
p.seagrass.brittlestar 0.014 0.023 0.000 0.000 0.001 0.005 0.018 0.064 0.080
p.coral.clam           0.153 0.082 0.033 0.042 0.092 0.139 0.199 0.308 0.345
p.seagrass.clam        0.276 0.131 0.040 0.069 0.181 0.268 0.364 0.503 0.540
p.coral.crab           0.108 0.062 0.014 0.021 0.060 0.099 0.150 0.221 0.241
p.seagrass.crab        0.108 0.073 0.007 0.013 0.050 0.096 0.153 0.243 0.272
p.coral.fish           0.603 0.064 0.468 0.496 0.562 0.606 0.648 0.705 0.721
p.seagrass.fish        0.362 0.073 0.218 0.238 0.313 0.361 0.411 0.483 0.505
p.coral.snail          0.075 0.052 0.009 0.013 0.037 0.064 0.103 0.176 0.202
p.seagrass.snail       0.086 0.068 0.005 0.008 0.032 0.070 0.123 0.220 0.256
p.Ind 1.alphworm       0.163 0.148 0.000 0.000 0.027 0.131 0.265 0.433 0.491
p.Ind 2.alphworm       0.160 0.145 0.000 0.000 0.026 0.130 0.259 0.431 0.488
p.Ind 3.alphworm       0.157 0.144 0.000 0.000 0.026 0.126 0.256 0.424 0.484
p.Ind 4.alphworm       0.153 0.139 0.000 0.000 0.026 0.125 0.248 0.410 0.467
p.Ind 5.alphworm       0.158 0.146 0.000 0.000 0.027 0.124 0.250 0.435 0.498
p.Ind 6.alphworm       0.056 0.064 0.000 0.001 0.014 0.039 0.075 0.168 0.213
p.Ind 7.alphworm       0.054 0.060 0.000 0.000 0.014 0.037 0.074 0.170 0.208
p.Ind 8.alphworm       0.057 0.063 0.000 0.000 0.014 0.039 0.078 0.165 0.207
p.Ind 9.alphworm       0.157 0.142 0.000 0.000 0.027 0.128 0.256 0.415 0.475
p.Ind 10.alphworm      0.160 0.147 0.000 0.000 0.027 0.125 0.261 0.436 0.494
p.Ind 11.alphworm      0.156 0.142 0.000 0.000 0.026 0.127 0.250 0.418 0.480
p.Ind 12.alphworm      0.157 0.144 0.000 0.000 0.025 0.127 0.252 0.426 0.493
p.Ind 13.alphworm      0.154 0.139 0.000 0.000 0.026 0.126 0.250 0.407 0.459
p.Ind 14.alphworm      0.153 0.138 0.000 0.000 0.026 0.125 0.248 0.413 0.466
p.Ind 15.alphworm      0.155 0.140 0.000 0.000 0.025 0.123 0.252 0.414 0.472
p.Ind 16.alphworm      0.156 0.141 0.000 0.000 0.026 0.127 0.253 0.413 0.476
p.Ind 17.alphworm      0.146 0.133 0.000 0.000 0.025 0.117 0.232 0.395 0.453
p.Ind 18.alphworm      0.154 0.142 0.000 0.000 0.025 0.124 0.250 0.422 0.479
p.Ind 19.alphworm      0.145 0.133 0.000 0.000 0.024 0.115 0.236 0.400 0.455
p.Ind 20.alphworm      0.050 0.052 0.000 0.000 0.013 0.036 0.072 0.155 0.178
p.Ind 21.alphworm      0.054 0.059 0.000 0.000 0.013 0.037 0.075 0.166 0.207
p.Ind 22.alphworm      0.049 0.049 0.000 0.000 0.012 0.035 0.070 0.150 0.179
p.Ind 23.alphworm      0.047 0.047 0.000 0.000 0.012 0.034 0.067 0.142 0.172
p.Ind 24.alphworm      0.052 0.052 0.000 0.000 0.013 0.036 0.073 0.159 0.192
p.Ind 25.alphworm      0.050 0.050 0.000 0.000 0.013 0.035 0.071 0.150 0.180
p.Ind 26.alphworm      0.051 0.054 0.000 0.000 0.014 0.036 0.071 0.158 0.187
p.Ind 27.alphworm      0.046 0.046 0.000 0.000 0.011 0.033 0.066 0.139 0.167
p.Ind 28.alphworm      0.053 0.054 0.000 0.000 0.014 0.038 0.074 0.162 0.197
p.Ind 29.alphworm      0.048 0.049 0.000 0.000 0.012 0.034 0.068 0.146 0.175
p.Ind 30.alphworm      0.157 0.143 0.000 0.000 0.026 0.129 0.251 0.425 0.482
p.Ind 31.alphworm      0.160 0.146 0.000 0.000 0.027 0.127 0.256 0.430 0.499
p.Ind 1.brittlestar    0.015 0.027 0.000 0.000 0.001 0.004 0.018 0.068 0.093
p.Ind 2.brittlestar    0.015 0.026 0.000 0.000 0.001 0.005 0.018 0.070 0.090
p.Ind 3.brittlestar    0.015 0.025 0.000 0.000 0.001 0.004 0.018 0.066 0.087
p.Ind 4.brittlestar    0.015 0.024 0.000 0.000 0.001 0.004 0.018 0.064 0.083
p.Ind 5.brittlestar    0.015 0.025 0.000 0.000 0.001 0.005 0.018 0.068 0.087
p.Ind 6.brittlestar    0.011 0.022 0.000 0.000 0.001 0.004 0.013 0.044 0.060
p.Ind 7.brittlestar    0.010 0.016 0.000 0.000 0.001 0.004 0.013 0.041 0.053
p.Ind 8.brittlestar    0.011 0.017 0.000 0.000 0.001 0.004 0.013 0.042 0.058
p.Ind 9.brittlestar    0.015 0.025 0.000 0.000 0.001 0.004 0.018 0.065 0.088
p.Ind 10.brittlestar   0.015 0.025 0.000 0.000 0.001 0.004 0.018 0.065 0.089
p.Ind 11.brittlestar   0.015 0.025 0.000 0.000 0.001 0.004 0.017 0.068 0.088
p.Ind 12.brittlestar   0.015 0.026 0.000 0.000 0.001 0.004 0.017 0.068 0.090
p.Ind 13.brittlestar   0.015 0.024 0.000 0.000 0.001 0.004 0.018 0.064 0.084
p.Ind 14.brittlestar   0.015 0.024 0.000 0.000 0.001 0.004 0.018 0.065 0.086
p.Ind 15.brittlestar   0.014 0.023 0.000 0.000 0.001 0.004 0.017 0.064 0.083
p.Ind 16.brittlestar   0.015 0.025 0.000 0.000 0.001 0.004 0.018 0.067 0.086
p.Ind 17.brittlestar   0.014 0.023 0.000 0.000 0.001 0.004 0.017 0.063 0.080
p.Ind 18.brittlestar   0.015 0.024 0.000 0.000 0.001 0.004 0.017 0.066 0.086
p.Ind 19.brittlestar   0.014 0.023 0.000 0.000 0.001 0.004 0.017 0.061 0.078
p.Ind 20.brittlestar   0.009 0.014 0.000 0.000 0.001 0.004 0.012 0.037 0.048
p.Ind 21.brittlestar   0.010 0.015 0.000 0.000 0.001 0.004 0.012 0.040 0.053
p.Ind 22.brittlestar   0.009 0.014 0.000 0.000 0.001 0.004 0.012 0.037 0.048
p.Ind 23.brittlestar   0.009 0.014 0.000 0.000 0.001 0.003 0.011 0.036 0.047
p.Ind 24.brittlestar   0.010 0.015 0.000 0.000 0.001 0.004 0.013 0.039 0.050
p.Ind 25.brittlestar   0.010 0.015 0.000 0.000 0.001 0.004 0.012 0.038 0.052
p.Ind 26.brittlestar   0.010 0.015 0.000 0.000 0.001 0.004 0.012 0.039 0.051
p.Ind 27.brittlestar   0.009 0.013 0.000 0.000 0.001 0.004 0.011 0.034 0.046
p.Ind 28.brittlestar   0.010 0.015 0.000 0.000 0.001 0.004 0.013 0.039 0.052
p.Ind 29.brittlestar   0.009 0.014 0.000 0.000 0.001 0.004 0.012 0.036 0.048
p.Ind 30.brittlestar   0.015 0.025 0.000 0.000 0.001 0.004 0.017 0.065 0.084
p.Ind 31.brittlestar   0.015 0.025 0.000 0.000 0.001 0.004 0.018 0.068 0.090
p.Ind 1.clam           0.279 0.147 0.035 0.059 0.170 0.264 0.376 0.542 0.600
p.Ind 2.clam           0.287 0.154 0.035 0.062 0.171 0.272 0.386 0.564 0.615
p.Ind 3.clam           0.272 0.140 0.035 0.056 0.169 0.261 0.370 0.518 0.564
p.Ind 4.clam           0.290 0.153 0.036 0.060 0.174 0.273 0.391 0.565 0.616
p.Ind 5.clam           0.298 0.162 0.035 0.061 0.178 0.278 0.397 0.590 0.660
p.Ind 6.clam           0.173 0.122 0.027 0.037 0.090 0.145 0.221 0.394 0.512
p.Ind 7.clam           0.149 0.088 0.025 0.034 0.084 0.134 0.198 0.316 0.358
p.Ind 8.clam           0.177 0.125 0.027 0.038 0.092 0.148 0.229 0.414 0.513
p.Ind 9.clam           0.270 0.138 0.035 0.057 0.166 0.258 0.364 0.511 0.557
p.Ind 10.clam          0.292 0.156 0.033 0.062 0.178 0.275 0.388 0.575 0.638
p.Ind 11.clam          0.270 0.140 0.037 0.060 0.167 0.257 0.364 0.520 0.567
p.Ind 12.clam          0.267 0.136 0.033 0.056 0.166 0.257 0.360 0.510 0.557
p.Ind 13.clam          0.277 0.144 0.034 0.060 0.165 0.265 0.374 0.532 0.574
p.Ind 14.clam          0.259 0.133 0.029 0.054 0.161 0.250 0.348 0.502 0.538
p.Ind 15.clam          0.263 0.136 0.034 0.057 0.163 0.251 0.349 0.508 0.560
p.Ind 16.clam          0.282 0.146 0.037 0.062 0.173 0.269 0.378 0.547 0.592
p.Ind 17.clam          0.292 0.157 0.037 0.059 0.172 0.274 0.397 0.573 0.632
p.Ind 18.clam          0.254 0.131 0.033 0.056 0.158 0.245 0.341 0.492 0.532
p.Ind 19.clam          0.241 0.125 0.031 0.054 0.147 0.228 0.327 0.464 0.503
p.Ind 20.clam          0.148 0.088 0.025 0.035 0.083 0.131 0.198 0.314 0.362
p.Ind 21.clam          0.151 0.088 0.027 0.036 0.084 0.135 0.202 0.320 0.356
p.Ind 22.clam          0.147 0.089 0.026 0.034 0.081 0.132 0.198 0.317 0.359
p.Ind 23.clam          0.133 0.078 0.020 0.029 0.074 0.121 0.176 0.283 0.316
p.Ind 24.clam          0.157 0.097 0.024 0.034 0.085 0.139 0.209 0.343 0.387
p.Ind 25.clam          0.148 0.089 0.023 0.033 0.081 0.133 0.198 0.316 0.363
p.Ind 26.clam          0.150 0.088 0.024 0.036 0.083 0.135 0.200 0.314 0.355
p.Ind 27.clam          0.130 0.076 0.021 0.029 0.072 0.118 0.173 0.279 0.307
p.Ind 28.clam          0.167 0.109 0.027 0.037 0.089 0.144 0.219 0.373 0.446
p.Ind 29.clam          0.139 0.083 0.021 0.032 0.076 0.123 0.188 0.301 0.333
p.Ind 30.clam          0.267 0.137 0.033 0.057 0.166 0.255 0.357 0.514 0.556
p.Ind 31.clam          0.293 0.158 0.035 0.065 0.174 0.275 0.394 0.578 0.641
p.Ind 1.crab           0.111 0.081 0.006 0.011 0.047 0.096 0.160 0.264 0.302
p.Ind 2.crab           0.115 0.085 0.007 0.012 0.047 0.098 0.164 0.281 0.333
p.Ind 3.crab           0.107 0.078 0.006 0.011 0.045 0.092 0.152 0.252 0.290
p.Ind 4.crab           0.113 0.083 0.007 0.011 0.047 0.098 0.163 0.275 0.309
p.Ind 5.crab           0.121 0.091 0.006 0.012 0.050 0.101 0.176 0.295 0.336
p.Ind 6.crab           0.144 0.116 0.012 0.019 0.061 0.110 0.195 0.389 0.453
p.Ind 7.crab           0.105 0.067 0.011 0.018 0.052 0.094 0.146 0.232 0.263
p.Ind 8.crab           0.145 0.114 0.011 0.019 0.061 0.115 0.195 0.380 0.439
p.Ind 9.crab           0.105 0.075 0.007 0.011 0.045 0.091 0.150 0.245 0.283
p.Ind 10.crab          0.117 0.088 0.006 0.011 0.047 0.101 0.167 0.286 0.331
p.Ind 11.crab          0.106 0.077 0.007 0.011 0.045 0.092 0.151 0.256 0.292
p.Ind 12.crab          0.107 0.078 0.007 0.011 0.045 0.094 0.151 0.256 0.287
p.Ind 13.crab          0.108 0.079 0.007 0.011 0.044 0.095 0.154 0.257 0.292
p.Ind 14.crab          0.103 0.074 0.007 0.011 0.043 0.090 0.146 0.241 0.283
p.Ind 15.crab          0.105 0.076 0.007 0.011 0.044 0.091 0.148 0.253 0.288
p.Ind 16.crab          0.110 0.080 0.007 0.012 0.046 0.095 0.157 0.261 0.301
p.Ind 17.crab          0.112 0.082 0.007 0.011 0.046 0.096 0.160 0.263 0.302
p.Ind 18.crab          0.103 0.075 0.006 0.011 0.043 0.087 0.147 0.245 0.284
p.Ind 19.crab          0.098 0.071 0.006 0.011 0.042 0.084 0.138 0.232 0.266
p.Ind 20.crab          0.102 0.064 0.010 0.016 0.052 0.092 0.138 0.225 0.247
p.Ind 21.crab          0.105 0.067 0.011 0.018 0.053 0.092 0.144 0.232 0.260
p.Ind 22.crab          0.103 0.067 0.010 0.017 0.052 0.092 0.142 0.226 0.251
p.Ind 23.crab          0.092 0.057 0.010 0.016 0.048 0.084 0.127 0.202 0.224
p.Ind 24.crab          0.108 0.070 0.011 0.018 0.054 0.095 0.148 0.240 0.276
p.Ind 25.crab          0.101 0.064 0.010 0.017 0.051 0.090 0.140 0.215 0.245
p.Ind 26.crab          0.102 0.065 0.011 0.018 0.051 0.092 0.141 0.223 0.250
p.Ind 27.crab          0.089 0.055 0.009 0.016 0.046 0.080 0.122 0.196 0.219
p.Ind 28.crab          0.115 0.077 0.012 0.019 0.056 0.099 0.156 0.261 0.298
p.Ind 29.crab          0.096 0.061 0.010 0.015 0.050 0.087 0.131 0.215 0.238
p.Ind 30.crab          0.107 0.078 0.006 0.011 0.045 0.093 0.152 0.254 0.289
p.Ind 31.crab          0.117 0.088 0.006 0.012 0.047 0.099 0.166 0.289 0.334
p.Ind 1.fish           0.342 0.098 0.142 0.181 0.276 0.342 0.409 0.499 0.522
p.Ind 2.fish           0.331 0.096 0.144 0.174 0.266 0.333 0.395 0.487 0.515
p.Ind 3.fish           0.363 0.094 0.178 0.216 0.301 0.362 0.422 0.523 0.555
p.Ind 4.fish           0.339 0.094 0.155 0.186 0.278 0.339 0.401 0.493 0.521
p.Ind 5.fish           0.313 0.100 0.114 0.143 0.245 0.317 0.383 0.472 0.493
p.Ind 6.fish           0.518 0.153 0.170 0.216 0.427 0.557 0.631 0.710 0.731
p.Ind 7.fish           0.605 0.088 0.416 0.454 0.551 0.611 0.662 0.741 0.774
p.Ind 8.fish           0.517 0.152 0.169 0.221 0.422 0.557 0.630 0.712 0.734
p.Ind 9.fish           0.368 0.093 0.189 0.221 0.307 0.365 0.427 0.523 0.558
p.Ind 10.fish          0.322 0.096 0.127 0.161 0.256 0.326 0.388 0.471 0.500
p.Ind 11.fish          0.365 0.095 0.181 0.213 0.305 0.362 0.425 0.521 0.559
p.Ind 12.fish          0.368 0.096 0.183 0.213 0.308 0.367 0.427 0.521 0.564
p.Ind 13.fish          0.360 0.093 0.181 0.208 0.299 0.360 0.419 0.512 0.549
p.Ind 14.fish          0.387 0.098 0.204 0.234 0.322 0.384 0.446 0.550 0.593
p.Ind 15.fish          0.379 0.094 0.202 0.229 0.315 0.378 0.439 0.537 0.574
p.Ind 16.fish          0.348 0.093 0.167 0.196 0.286 0.347 0.410 0.497 0.530
p.Ind 17.fish          0.349 0.096 0.161 0.190 0.288 0.351 0.411 0.505 0.543
p.Ind 18.fish          0.392 0.099 0.204 0.235 0.328 0.387 0.451 0.559 0.613
p.Ind 19.fish          0.422 0.106 0.234 0.257 0.350 0.417 0.487 0.610 0.655
p.Ind 20.fish          0.618 0.085 0.444 0.472 0.565 0.622 0.672 0.752 0.781
p.Ind 21.fish          0.606 0.086 0.428 0.460 0.553 0.610 0.660 0.741 0.772
p.Ind 22.fish          0.620 0.086 0.452 0.482 0.563 0.618 0.674 0.762 0.792
p.Ind 23.fish          0.653 0.081 0.505 0.527 0.599 0.647 0.705 0.793 0.824
p.Ind 24.fish          0.598 0.088 0.413 0.443 0.544 0.604 0.657 0.731 0.756
p.Ind 25.fish          0.619 0.081 0.461 0.486 0.566 0.620 0.670 0.751 0.780
p.Ind 26.fish          0.614 0.084 0.442 0.473 0.560 0.616 0.669 0.747 0.776
p.Ind 27.fish          0.662 0.082 0.515 0.535 0.605 0.657 0.715 0.804 0.836
p.Ind 28.fish          0.576 0.101 0.342 0.391 0.519 0.589 0.643 0.719 0.746
p.Ind 29.fish          0.639 0.081 0.486 0.511 0.585 0.635 0.690 0.780 0.807
p.Ind 30.fish          0.370 0.097 0.185 0.213 0.307 0.367 0.431 0.531 0.567
p.Ind 31.fish          0.320 0.098 0.116 0.154 0.253 0.325 0.388 0.474 0.498
p.Ind 1.snail          0.089 0.077 0.004 0.008 0.031 0.068 0.128 0.243 0.285
p.Ind 2.snail          0.091 0.078 0.004 0.007 0.031 0.070 0.131 0.246 0.284
p.Ind 3.snail          0.086 0.071 0.004 0.007 0.030 0.067 0.122 0.231 0.264
p.Ind 4.snail          0.090 0.078 0.004 0.007 0.031 0.067 0.129 0.241 0.295
p.Ind 5.snail          0.095 0.083 0.004 0.007 0.031 0.072 0.137 0.263 0.306
p.Ind 6.snail          0.098 0.095 0.008 0.012 0.038 0.069 0.124 0.298 0.379
p.Ind 7.snail          0.076 0.057 0.007 0.011 0.034 0.062 0.103 0.186 0.223
p.Ind 8.snail          0.094 0.089 0.008 0.012 0.037 0.069 0.118 0.275 0.360
p.Ind 9.snail          0.086 0.072 0.004 0.007 0.029 0.067 0.122 0.228 0.265
p.Ind 10.snail         0.094 0.082 0.004 0.007 0.030 0.071 0.135 0.255 0.296
p.Ind 11.snail         0.087 0.074 0.004 0.007 0.030 0.066 0.124 0.234 0.269
p.Ind 12.snail         0.085 0.072 0.004 0.007 0.029 0.065 0.121 0.227 0.270
p.Ind 13.snail         0.087 0.074 0.004 0.007 0.029 0.067 0.124 0.236 0.274
p.Ind 14.snail         0.083 0.070 0.004 0.007 0.029 0.064 0.119 0.218 0.256
p.Ind 15.snail         0.085 0.072 0.004 0.007 0.029 0.066 0.122 0.224 0.266
p.Ind 16.snail         0.089 0.077 0.004 0.007 0.031 0.067 0.128 0.234 0.282
p.Ind 17.snail         0.087 0.075 0.004 0.007 0.029 0.066 0.125 0.237 0.277
p.Ind 18.snail         0.083 0.069 0.004 0.007 0.029 0.065 0.119 0.218 0.259
p.Ind 19.snail         0.079 0.066 0.004 0.007 0.029 0.061 0.113 0.208 0.247
p.Ind 20.snail         0.073 0.055 0.007 0.010 0.032 0.059 0.100 0.180 0.212
p.Ind 21.snail         0.075 0.056 0.007 0.011 0.034 0.062 0.103 0.183 0.219
p.Ind 22.snail         0.072 0.054 0.006 0.010 0.032 0.059 0.099 0.171 0.205
p.Ind 23.snail         0.066 0.048 0.006 0.010 0.031 0.054 0.090 0.159 0.188
p.Ind 24.snail         0.076 0.058 0.007 0.011 0.034 0.062 0.104 0.186 0.221
p.Ind 25.snail         0.073 0.055 0.007 0.011 0.032 0.060 0.098 0.181 0.216
p.Ind 26.snail         0.073 0.055 0.007 0.010 0.031 0.060 0.101 0.183 0.208
p.Ind 27.snail         0.065 0.048 0.006 0.009 0.029 0.054 0.090 0.160 0.179
p.Ind 28.snail         0.080 0.063 0.008 0.010 0.035 0.064 0.109 0.200 0.243
p.Ind 29.snail         0.068 0.050 0.007 0.010 0.031 0.056 0.093 0.167 0.195
p.Ind 30.snail         0.085 0.071 0.004 0.007 0.031 0.065 0.121 0.226 0.264
p.Ind 31.snail         0.095 0.084 0.004 0.007 0.031 0.071 0.137 0.260 0.309
