
#################################################################
# Summary Statistics
#################################################################
  
DIC = 170.2002

                        Mean    SD  2.5%    5%   25%   50%   75%   95% 97.5%
p.global.alphworm      0.026 0.035 0.000 0.000 0.002 0.012 0.037 0.099 0.123
p.global.brittlestar   0.009 0.014 0.000 0.000 0.001 0.004 0.012 0.038 0.050
p.global.clam          0.382 0.081 0.220 0.247 0.329 0.384 0.437 0.512 0.536
p.global.crab          0.053 0.041 0.004 0.007 0.023 0.043 0.072 0.134 0.158
p.global.fish          0.472 0.068 0.340 0.365 0.427 0.470 0.516 0.585 0.610
p.global.snail         0.057 0.043 0.005 0.007 0.025 0.046 0.078 0.142 0.167
p.coral.alphworm       0.026 0.035 0.000 0.000 0.002 0.012 0.037 0.099 0.123
p.seagrass.alphworm    0.042 0.075 0.000 0.000 0.001 0.008 0.044 0.204 0.274
p.coral.brittlestar    0.009 0.014 0.000 0.000 0.001 0.004 0.012 0.038 0.050
p.seagrass.brittlestar 0.008 0.013 0.000 0.000 0.000 0.002 0.009 0.036 0.049
p.coral.clam           0.382 0.081 0.220 0.247 0.329 0.384 0.437 0.512 0.536
p.seagrass.clam        0.556 0.120 0.279 0.331 0.488 0.572 0.642 0.724 0.752
p.coral.crab           0.053 0.041 0.004 0.007 0.023 0.043 0.072 0.134 0.158
p.seagrass.crab        0.035 0.038 0.001 0.002 0.009 0.021 0.048 0.111 0.143
p.coral.fish           0.472 0.068 0.340 0.365 0.427 0.470 0.516 0.585 0.610
p.seagrass.fish        0.321 0.065 0.191 0.210 0.279 0.321 0.363 0.430 0.451
p.coral.snail          0.057 0.043 0.005 0.007 0.025 0.046 0.078 0.142 0.167
p.seagrass.snail       0.038 0.039 0.002 0.003 0.011 0.026 0.051 0.120 0.148
