
################################################################################
# Gelman-Rubin Diagnostic
################################################################################

Generally the Gelman diagnostic should be < 1.05


Out of 206 variables: 1 > 1.01

                      
0 > 1.05

                      
0 > 1.1


The worst variables are:

            Point est. Upper C.I.
p.ind[9,1]    1.010387   1.020010
p.ind[1,1]    1.008531   1.018132
p.ind[8,6]    1.008504   1.011640
p.ind[8,1]    1.008336   1.012906
p.ind[31,2]   1.008032   1.010485
p.ind[8,2]    1.007987   1.009472
p.ind[19,1]   1.007593   1.014194
p.ind[7,6]    1.007521   1.012366
p.ind[16,2]   1.007028   1.010178
p.ind[24,6]   1.006855   1.012341


And here are the Gelman diagnostics for all variables:

            Point est. Upper C.I.
deviance     0.9998865  1.0000856
ind.sig      1.0030968  1.0074588
p.fac1[1,1]  1.0026809  1.0066997
p.fac1[1,2]  1.0000451  1.0004181
p.fac1[1,3]  0.9996534  0.9998572
p.fac1[1,4]  0.9999226  1.0003051
p.fac1[1,5]  0.9999664  1.0005442
p.fac1[1,6]  1.0002116  1.0017522
p.fac1[2,1]  1.0053772  1.0117668
p.fac1[2,2]  1.0020860  1.0040128
p.fac1[2,3]  1.0002936  1.0013912
p.fac1[2,4]  1.0010748  1.0016509
p.fac1[2,5]  1.0004878  1.0008510
p.fac1[2,6]  0.9997419  1.0003263
p.global[1]  1.0026809  1.0066997
p.global[2]  1.0000451  1.0004181
p.global[3]  0.9996534  0.9998572
p.global[4]  0.9999226  1.0003051
p.global[5]  0.9999664  1.0005442
p.global[6]  1.0002116  1.0017522
p.ind[10,1]  1.0027618  1.0079172
p.ind[10,2]  1.0021685  1.0033865
p.ind[10,3]  1.0006677  1.0016066
p.ind[10,4]  1.0040110  1.0065466
p.ind[10,5]  1.0008494  1.0018964
p.ind[10,6]  0.9998489  0.9998534
p.ind[1,1]   1.0085309  1.0181318
p.ind[11,1]  1.0016547  1.0050587
p.ind[11,2]  1.0067740  1.0096721
p.ind[11,3]  0.9997756  0.9998343
p.ind[11,4]  1.0005414  1.0012669
p.ind[11,5]  1.0008764  1.0014758
p.ind[11,6]  0.9998150  1.0002876
p.ind[1,2]   1.0030539  1.0052139
p.ind[12,1]  1.0063678  1.0118834
p.ind[12,2]  1.0039853  1.0056870
p.ind[12,3]  0.9996015  0.9998284
p.ind[12,4]  1.0006887  1.0014443
p.ind[12,5]  1.0012511  1.0035119
p.ind[12,6]  0.9996816  1.0000016
p.ind[1,3]   1.0011856  1.0017373
p.ind[13,1]  1.0043231  1.0102400
p.ind[13,2]  1.0019226  1.0042505
p.ind[13,3]  1.0001275  1.0015842
p.ind[13,4]  1.0028074  1.0040626
p.ind[13,5]  1.0005050  1.0020993
p.ind[13,6]  1.0017308  1.0025445
p.ind[1,4]   0.9995669  0.9997370
p.ind[14,1]  1.0041229  1.0094951
p.ind[14,2]  1.0038798  1.0073468
p.ind[14,3]  0.9999671  1.0004543
p.ind[14,4]  1.0013354  1.0025862
p.ind[14,5]  0.9998294  1.0001539
p.ind[14,6]  0.9997900  1.0004449
p.ind[1,5]   1.0015116  1.0032111
p.ind[15,1]  1.0030468  1.0080847
p.ind[15,2]  1.0007055  1.0017792
p.ind[15,3]  1.0003987  1.0023725
p.ind[15,4]  1.0002706  1.0009335
p.ind[15,5]  1.0003678  1.0016499
p.ind[15,6]  1.0002522  1.0018488
p.ind[1,6]   1.0012474  1.0013381
p.ind[16,1]  1.0015378  1.0047790
p.ind[16,2]  1.0070285  1.0101776
p.ind[16,3]  1.0009628  1.0032761
p.ind[16,4]  1.0024429  1.0034519
p.ind[16,5]  1.0015928  1.0030526
p.ind[16,6]  1.0004724  1.0013740
p.ind[17,1]  1.0067471  1.0130824
p.ind[17,2]  1.0050393  1.0080755
p.ind[17,3]  1.0001364  1.0016593
p.ind[17,4]  1.0013190  1.0015357
p.ind[17,5]  0.9998334  0.9999291
p.ind[17,6]  0.9999151  1.0005090
p.ind[18,1]  1.0047105  1.0109835
p.ind[18,2]  1.0015540  1.0036178
p.ind[18,3]  1.0002934  1.0021785
p.ind[18,4]  1.0012144  1.0023775
p.ind[18,5]  1.0007739  1.0025917
p.ind[18,6]  0.9997786  0.9999458
p.ind[19,1]  1.0075933  1.0141936
p.ind[19,2]  1.0006739  1.0018612
p.ind[19,3]  1.0001283  1.0005474
p.ind[19,4]  1.0007127  1.0011107
p.ind[19,5]  1.0006529  1.0014099
p.ind[19,6]  1.0009779  1.0014275
p.ind[20,1]  1.0012901  1.0039923
p.ind[20,2]  1.0012658  1.0013099
p.ind[20,3]  1.0004669  1.0022969
p.ind[20,4]  1.0011736  1.0027094
p.ind[20,5]  0.9999120  1.0009696
p.ind[20,6]  1.0007219  1.0015251
p.ind[2,1]   1.0025138  1.0075133
p.ind[21,1]  1.0023748  1.0052357
p.ind[21,2]  1.0028536  1.0031922
p.ind[21,3]  0.9998574  1.0007738
p.ind[21,4]  0.9999262  1.0001938
p.ind[21,5]  0.9999415  1.0010393
p.ind[21,6]  0.9999254  1.0008061
p.ind[2,2]   1.0005292  1.0016562
p.ind[22,1]  1.0020795  1.0062077
p.ind[22,2]  1.0009341  1.0011491
p.ind[22,3]  0.9996893  0.9999411
p.ind[22,4]  0.9998157  0.9999965
p.ind[22,5]  1.0000280  1.0009961
p.ind[22,6]  1.0003481  1.0008415
p.ind[2,3]   1.0001170  1.0002082
p.ind[23,1]  1.0057210  1.0116196
p.ind[23,2]  1.0006761  1.0008955
p.ind[23,3]  1.0000477  1.0009899
p.ind[23,4]  1.0015776  1.0026907
p.ind[23,5]  0.9999943  1.0005484
p.ind[23,6]  1.0013664  1.0028582
p.ind[2,4]   1.0011017  1.0017906
p.ind[24,1]  1.0025557  1.0053660
p.ind[24,2]  1.0021578  1.0035866
p.ind[24,3]  0.9997340  1.0000818
p.ind[24,4]  1.0007442  1.0014972
p.ind[24,5]  0.9995566  0.9996900
p.ind[24,6]  1.0068552  1.0123408
p.ind[2,5]   1.0008079  1.0027960
p.ind[25,1]  1.0022946  1.0050584
p.ind[25,2]  1.0015546  1.0016490
p.ind[25,3]  0.9997769  1.0002687
p.ind[25,4]  1.0000388  1.0007287
p.ind[25,5]  1.0004590  1.0016166
p.ind[25,6]  0.9998610  1.0003093
p.ind[2,6]   1.0024859  1.0042661
p.ind[26,1]  1.0006163  1.0025575
p.ind[26,2]  1.0038247  1.0039241
p.ind[26,3]  1.0002126  1.0003858
p.ind[26,4]  0.9998727  0.9999504
p.ind[26,5]  1.0004281  1.0005538
p.ind[26,6]  1.0001630  1.0015520
p.ind[27,1]  1.0040486  1.0083319
p.ind[27,2]  1.0005278  1.0013631
p.ind[27,3]  0.9999939  1.0012349
p.ind[27,4]  1.0027988  1.0041605
p.ind[27,5]  1.0008531  1.0036394
p.ind[27,6]  0.9999305  1.0002352
p.ind[28,1]  1.0019297  1.0053624
p.ind[28,2]  1.0002059  1.0011132
p.ind[28,3]  0.9998166  0.9998988
p.ind[28,4]  1.0010923  1.0023261
p.ind[28,5]  0.9997558  1.0002218
p.ind[28,6]  1.0000887  1.0009993
p.ind[29,1]  1.0020921  1.0057011
p.ind[29,2]  1.0034190  1.0038434
p.ind[29,3]  1.0003456  1.0025008
p.ind[29,4]  0.9999539  1.0000153
p.ind[29,5]  1.0006607  1.0037147
p.ind[29,6]  1.0010097  1.0014709
p.ind[30,1]  1.0032459  1.0068248
p.ind[30,2]  1.0025512  1.0038613
p.ind[30,3]  1.0000023  1.0003303
p.ind[30,4]  1.0033014  1.0049668
p.ind[30,5]  0.9996053  0.9996609
p.ind[30,6]  1.0008286  1.0016177
p.ind[3,1]   1.0018277  1.0055096
p.ind[31,1]  1.0037326  1.0084486
p.ind[31,2]  1.0080316  1.0104853
p.ind[31,3]  1.0002965  1.0004263
p.ind[31,4]  1.0018026  1.0038578
p.ind[31,5]  1.0016195  1.0037296
p.ind[31,6]  1.0002540  1.0003538
p.ind[3,2]   1.0034728  1.0045676
p.ind[3,3]   1.0005074  1.0017180
p.ind[3,4]   0.9997115  0.9998240
p.ind[3,5]   0.9996111  0.9998899
p.ind[3,6]   1.0009845  1.0020632
p.ind[4,1]   1.0038123  1.0095873
p.ind[4,2]   1.0027710  1.0050167
p.ind[4,3]   1.0006185  1.0027495
p.ind[4,4]   1.0004863  1.0010007
p.ind[4,5]   0.9998305  1.0003334
p.ind[4,6]   1.0003764  1.0005123
p.ind[5,1]   1.0062888  1.0133906
p.ind[5,2]   1.0028451  1.0045565
p.ind[5,3]   1.0001245  1.0009756
p.ind[5,4]   1.0003670  1.0003765
p.ind[5,5]   0.9996583  0.9998215
p.ind[5,6]   1.0010131  1.0014486
p.ind[6,1]   1.0067112  1.0091127
p.ind[6,2]   1.0060062  1.0069415
p.ind[6,3]   1.0004591  1.0010609
p.ind[6,4]   1.0000314  1.0008213
p.ind[6,5]   1.0001978  1.0014409
p.ind[6,6]   1.0047344  1.0061520
p.ind[7,1]   1.0007967  1.0028059
p.ind[7,2]   1.0037452  1.0046253
p.ind[7,3]   0.9999941  1.0012802
p.ind[7,4]   1.0052571  1.0070717
p.ind[7,5]   0.9997563  1.0000091
p.ind[7,6]   1.0075206  1.0123661
p.ind[8,1]   1.0083361  1.0129062
p.ind[8,2]   1.0079875  1.0094718
p.ind[8,3]   1.0005666  1.0009201
p.ind[8,4]   1.0007227  1.0012769
p.ind[8,5]   0.9996273  0.9998430
p.ind[8,6]   1.0085040  1.0116398
p.ind[9,1]   1.0103867  1.0200095
p.ind[9,2]   1.0045453  1.0072837
p.ind[9,3]   1.0020803  1.0077870
p.ind[9,4]   1.0001340  1.0008516
p.ind[9,5]   1.0001969  1.0018050
p.ind[9,6]   1.0006367  1.0016318

################################################################################
# Geweke Diagnostic
################################################################################

The Geweke diagnostic is a standard z-score, so we'd expect 5% to be outside +/-1.96
Number of variables outside +/-1.96 in each chain (out of 
206
):


       Chain 1 Chain 2 Chain 3
Geweke      13      18       2


And here are the Geweke diagnostics for all variables:

            chain1 chain2 chain3
deviance     0.277  0.724 -0.920
ind.sig     -0.102 -0.975  1.918
p.fac1[1,1]  2.637  0.431 -0.375
p.fac1[1,2]  1.501 -2.551 -0.227
p.fac1[1,3]  0.048  0.924 -0.401
p.fac1[1,4] -1.067 -0.179 -0.064
p.fac1[1,5] -0.814 -0.370  1.283
p.fac1[1,6] -0.593 -1.280 -1.021
p.fac1[2,1]  0.519  0.453 -0.091
p.fac1[2,2]  0.580 -0.181 -1.325
p.fac1[2,3] -0.635  0.956  0.933
p.fac1[2,4]  1.526  0.035 -0.368
p.fac1[2,5] -0.242 -1.437 -1.086
p.fac1[2,6] -0.257 -0.925 -0.025
p.global[1]  2.637  0.431 -0.375
p.global[2]  1.501 -2.551 -0.227
p.global[3]  0.048  0.924 -0.401
p.global[4] -1.067 -0.179 -0.064
p.global[5] -0.814 -0.370  1.283
p.global[6] -0.593 -1.280 -1.021
p.ind[10,1]  0.649 -0.180 -0.103
p.ind[10,2]  0.373  0.306 -1.301
p.ind[10,3] -0.386  0.511  0.611
p.ind[10,4]  0.722 -0.053 -0.596
p.ind[10,5] -0.132  0.040 -0.258
p.ind[10,6] -0.042 -1.597  0.017
p.ind[1,1]   0.483  0.388 -0.084
p.ind[11,1]  0.410  0.657 -0.363
p.ind[11,2]  0.667 -0.408 -0.977
p.ind[11,3] -0.172  0.545  1.323
p.ind[11,4]  1.372 -0.071  0.020
p.ind[11,5] -0.687 -1.315 -1.082
p.ind[11,6] -0.223 -0.758 -0.225
p.ind[1,2]  -0.073 -0.432 -1.011
p.ind[12,1]  0.611  0.691  0.046
p.ind[12,2]  0.140  0.098 -1.205
p.ind[12,3] -1.363  0.207  0.790
p.ind[12,4]  0.671 -0.126 -0.781
p.ind[12,5]  0.961 -0.755 -1.037
p.ind[12,6]  0.198 -0.730  0.224
p.ind[1,3]  -0.137  0.891  0.215
p.ind[13,1]  0.565  0.617 -0.220
p.ind[13,2]  0.722 -0.217 -1.081
p.ind[13,3]  0.327 -0.546  0.972
p.ind[13,4]  1.251 -0.441 -0.224
p.ind[13,5] -1.384  0.717 -0.900
p.ind[13,6] -0.490 -0.776  0.216
p.ind[1,4]   0.517  0.735 -0.566
p.ind[14,1]  0.495  0.864 -0.177
p.ind[14,2]  0.762 -0.697 -1.438
p.ind[14,3] -0.457  1.645  0.339
p.ind[14,4]  1.719  0.269 -0.228
p.ind[14,5] -0.655 -2.435  0.011
p.ind[14,6]  0.149 -0.439  0.083
p.ind[1,5]  -0.379 -1.240  0.357
p.ind[15,1] -0.096  0.409 -0.100
p.ind[15,2]  0.296  0.133 -1.685
p.ind[15,3] -0.221  0.730  0.426
p.ind[15,4]  0.974 -0.440 -0.376
p.ind[15,5]  0.142 -1.032  0.206
p.ind[15,6] -0.627 -0.422 -0.877
p.ind[1,6]  -0.163 -0.696 -0.308
p.ind[16,1]  0.293  0.548  0.030
p.ind[16,2]  0.970 -0.588 -1.187
p.ind[16,3] -0.625  0.394  1.080
p.ind[16,4]  1.692  0.082 -0.129
p.ind[16,5] -0.402 -0.871 -1.797
p.ind[16,6]  0.077 -0.674 -0.126
p.ind[17,1]  0.351  0.262 -0.183
p.ind[17,2]  0.319 -1.428 -0.676
p.ind[17,3] -0.245  1.411  0.894
p.ind[17,4]  1.443 -0.280  0.125
p.ind[17,5] -0.587 -1.726 -1.445
p.ind[17,6] -0.206 -1.038  0.342
p.ind[18,1]  0.493  0.408 -0.383
p.ind[18,2]  0.316 -0.207 -1.094
p.ind[18,3] -1.179  1.263  0.902
p.ind[18,4]  1.482  0.494  0.076
p.ind[18,5]  0.916 -1.263 -0.425
p.ind[18,6] -1.162 -0.882 -0.072
p.ind[19,1]  0.854  0.296 -0.084
p.ind[19,2] -0.209  0.390 -1.302
p.ind[19,3] -0.541  0.725 -0.941
p.ind[19,4]  1.033  0.942  0.766
p.ind[19,5] -0.156 -1.216  1.227
p.ind[19,6] -0.432 -1.459  0.078
p.ind[20,1]  2.354  0.419  0.051
p.ind[20,2]  1.447 -2.669 -0.121
p.ind[20,3] -0.615  0.891 -0.512
p.ind[20,4] -2.238 -0.085 -0.676
p.ind[20,5]  0.701 -0.723  1.296
p.ind[20,6] -0.739 -1.112 -1.064
p.ind[2,1]   1.119  0.559  0.145
p.ind[21,1]  1.879  0.113 -0.217
p.ind[21,2]  1.424 -2.643 -0.088
p.ind[21,3] -0.558  1.886 -0.569
p.ind[21,4] -0.421  0.018 -0.521
p.ind[21,5] -0.360 -1.545  0.921
p.ind[21,6] -0.182 -0.569 -0.085
p.ind[2,2]   0.698  0.303 -1.719
p.ind[22,1]  1.993  0.536 -0.179
p.ind[22,2]  1.118 -2.583 -0.554
p.ind[22,3] -0.297  0.424  1.062
p.ind[22,4] -2.336  0.380 -0.505
p.ind[22,5]  0.077 -0.441 -0.758
p.ind[22,6] -0.084 -0.865 -0.522
p.ind[2,3]  -1.406  0.470  0.463
p.ind[23,1]  2.348  0.149 -0.381
p.ind[23,2]  1.490 -2.238  0.223
p.ind[23,3] -1.143  1.369 -0.934
p.ind[23,4] -0.608  0.155 -0.409
p.ind[23,5]  0.443 -0.928  1.844
p.ind[23,6] -0.550 -0.841 -1.647
p.ind[2,4]   0.494  0.115  0.144
p.ind[24,1]  1.649  0.309  0.621
p.ind[24,2]  1.601 -2.567 -0.643
p.ind[24,3]  0.236  0.636 -0.975
p.ind[24,4] -0.712 -0.074 -0.559
p.ind[24,5] -0.894 -0.269  1.359
p.ind[24,6]  0.001 -0.992 -1.425
p.ind[2,5]   0.807 -1.066 -0.888
p.ind[25,1]  2.305  0.371 -0.221
p.ind[25,2]  1.667 -3.153  0.144
p.ind[25,3] -0.402  1.206 -0.548
p.ind[25,4] -0.621  0.018 -0.255
p.ind[25,5] -0.764 -1.180  1.066
p.ind[25,6] -0.553 -0.226 -0.299
p.ind[2,6]  -0.375 -0.712  0.486
p.ind[26,1]  1.820  0.106  0.041
p.ind[26,2]  1.491 -2.384 -0.250
p.ind[26,3] -0.720  0.951 -0.953
p.ind[26,4]  0.381  0.984 -0.351
p.ind[26,5] -0.185 -0.980  1.672
p.ind[26,6] -0.206 -0.905 -1.193
p.ind[27,1]  2.299  0.533 -0.303
p.ind[27,2]  0.877 -2.280 -0.652
p.ind[27,3] -0.517  1.260 -0.920
p.ind[27,4] -1.485  0.160 -0.118
p.ind[27,5]  0.296 -1.192  1.746
p.ind[27,6] -0.277 -0.503 -1.977
p.ind[28,1]  1.908  0.661 -0.518
p.ind[28,2]  1.357 -1.528 -0.536
p.ind[28,3] -0.936  1.587  0.236
p.ind[28,4] -0.205 -0.194 -0.413
p.ind[28,5]  0.104 -1.643  0.279
p.ind[28,6]  0.112 -0.791 -0.138
p.ind[29,1]  2.600  0.520 -0.348
p.ind[29,2]  0.675 -2.159  0.435
p.ind[29,3] -0.680  0.761  0.130
p.ind[29,4] -1.381 -0.460 -0.778
p.ind[29,5]  0.390  0.119  1.322
p.ind[29,6] -1.278 -2.085 -1.898
p.ind[30,1]  0.306  0.219 -0.062
p.ind[30,2]  0.252 -0.513 -0.919
p.ind[30,3] -1.273  1.050  0.828
p.ind[30,4]  0.999  0.037 -0.483
p.ind[30,5]  0.957 -1.205 -0.655
p.ind[30,6] -0.652 -1.217 -0.205
p.ind[3,1]   0.961  0.466 -0.174
p.ind[31,1]  0.800  0.333 -0.065
p.ind[31,2]  0.589  0.089 -1.003
p.ind[31,3] -0.407  0.361  1.506
p.ind[31,4]  0.867 -0.382 -0.011
p.ind[31,5] -0.069 -0.645 -1.557
p.ind[31,6] -1.016 -0.504 -0.969
p.ind[3,2]   0.262 -0.264 -1.109
p.ind[3,3]  -0.857  1.600  1.019
p.ind[3,4]   1.067 -0.692 -0.774
p.ind[3,5]  -0.343 -1.512 -0.733
p.ind[3,6]   0.417 -1.161 -0.409
p.ind[4,1]   0.618  0.352 -0.128
p.ind[4,2]   0.157 -0.494 -1.257
p.ind[4,3]  -1.469  0.156  1.363
p.ind[4,4]   1.573  0.151 -0.125
p.ind[4,5]   0.781 -0.342 -1.911
p.ind[4,6]   0.415 -0.996  0.220
p.ind[5,1]   0.413  0.856 -0.012
p.ind[5,2]   0.767  0.397 -1.244
p.ind[5,3]  -0.008 -0.729  1.152
p.ind[5,4]   0.860  0.156  0.145
p.ind[5,5]  -0.477  0.311 -2.004
p.ind[5,6]  -0.562 -0.956  0.344
p.ind[6,1]   2.275  0.150 -0.049
p.ind[6,2]   1.681 -3.705 -0.182
p.ind[6,3]  -0.046  0.005  1.316
p.ind[6,4]  -0.894 -0.984 -0.024
p.ind[6,5]  -0.218  1.258 -1.637
p.ind[6,6]  -0.262 -1.864  0.467
p.ind[7,1]   2.061  0.201 -0.602
p.ind[7,2]   1.675 -1.729 -0.094
p.ind[7,3]   1.505  3.379  0.421
p.ind[7,4]  -0.315 -0.919 -0.326
p.ind[7,5]  -2.283 -2.866  0.760
p.ind[7,6]  -1.487 -0.858 -1.443
p.ind[8,1]   1.575  0.206 -0.259
p.ind[8,2]   0.906 -3.834 -0.860
p.ind[8,3]   0.783  1.409 -0.179
p.ind[8,4]  -0.707 -0.798  1.012
p.ind[8,5]  -0.793  0.001 -0.323
p.ind[8,6]  -0.443 -2.461  0.412
p.ind[9,1]   0.072  0.204  0.091
p.ind[9,2]   0.366 -0.616 -1.515
p.ind[9,3]  -0.223  0.974  0.066
p.ind[9,4]   1.264 -0.079 -1.440
p.ind[9,5]  -0.449 -1.167 -0.056
p.ind[9,6]  -0.321 -0.585  0.823
