
#################################################################
# Summary Statistics
#################################################################
  
DIC = 193.214

                        Mean    SD  2.5%    5%   25%   50%   75%   95% 97.5%
Individual.SD          0.286 0.195 0.013 0.027 0.130 0.256 0.408 0.644 0.712
p.global.alphworm      0.023 0.033 0.000 0.000 0.002 0.009 0.031 0.093 0.117
p.global.brittlestar   0.008 0.012 0.000 0.000 0.000 0.003 0.010 0.032 0.043
p.global.Clam          0.382 0.091 0.199 0.235 0.321 0.386 0.444 0.528 0.554
p.global.Crab          0.053 0.042 0.004 0.007 0.022 0.043 0.073 0.134 0.160
p.global.Fish          0.476 0.072 0.343 0.363 0.426 0.474 0.525 0.594 0.623
p.global.Snail         0.059 0.049 0.004 0.007 0.024 0.046 0.080 0.152 0.186
p.coral.alphworm       0.023 0.033 0.000 0.000 0.002 0.009 0.031 0.093 0.117
p.seagrass.alphworm    0.038 0.072 0.000 0.000 0.001 0.006 0.037 0.204 0.286
p.coral.brittlestar    0.008 0.012 0.000 0.000 0.000 0.003 0.010 0.032 0.043
p.seagrass.brittlestar 0.007 0.012 0.000 0.000 0.000 0.002 0.008 0.031 0.045
p.coral.Clam           0.382 0.091 0.199 0.235 0.321 0.386 0.444 0.528 0.554
p.seagrass.Clam        0.558 0.121 0.283 0.333 0.484 0.573 0.644 0.731 0.757
p.coral.Crab           0.053 0.042 0.004 0.007 0.022 0.043 0.073 0.134 0.160
p.seagrass.Crab        0.033 0.035 0.001 0.002 0.009 0.021 0.043 0.103 0.131
p.coral.Fish           0.476 0.072 0.343 0.363 0.426 0.474 0.525 0.594 0.623
p.seagrass.Fish        0.329 0.069 0.199 0.216 0.282 0.327 0.375 0.448 0.470
p.coral.Snail          0.059 0.049 0.004 0.007 0.024 0.046 0.080 0.152 0.186
p.seagrass.Snail       0.036 0.037 0.001 0.002 0.010 0.024 0.050 0.109 0.136
p.Ind 1.alphworm       0.041 0.082 0.000 0.000 0.001 0.006 0.037 0.231 0.303
p.Ind 2.alphworm       0.040 0.079 0.000 0.000 0.001 0.006 0.036 0.209 0.296
p.Ind 3.alphworm       0.040 0.080 0.000 0.000 0.001 0.006 0.037 0.215 0.298
p.Ind 4.alphworm       0.040 0.079 0.000 0.000 0.001 0.006 0.036 0.204 0.294
p.Ind 5.alphworm       0.038 0.077 0.000 0.000 0.001 0.006 0.036 0.212 0.294
p.Ind 6.alphworm       0.024 0.038 0.000 0.000 0.002 0.009 0.031 0.094 0.123
p.Ind 7.alphworm       0.024 0.041 0.000 0.000 0.002 0.009 0.030 0.099 0.131
p.Ind 8.alphworm       0.024 0.039 0.000 0.000 0.002 0.009 0.030 0.099 0.133
p.Ind 9.alphworm       0.039 0.077 0.000 0.000 0.001 0.006 0.037 0.206 0.291
p.Ind 10.alphworm      0.040 0.078 0.000 0.000 0.001 0.006 0.038 0.212 0.306
p.Ind 11.alphworm      0.040 0.077 0.000 0.000 0.001 0.006 0.037 0.218 0.294
p.Ind 12.alphworm      0.040 0.078 0.000 0.000 0.001 0.006 0.037 0.212 0.295
p.Ind 13.alphworm      0.039 0.076 0.000 0.000 0.001 0.006 0.037 0.204 0.288
p.Ind 14.alphworm      0.038 0.075 0.000 0.000 0.001 0.006 0.036 0.208 0.283
p.Ind 15.alphworm      0.039 0.076 0.000 0.000 0.001 0.006 0.037 0.202 0.283
p.Ind 16.alphworm      0.039 0.078 0.000 0.000 0.001 0.006 0.036 0.215 0.293
p.Ind 17.alphworm      0.037 0.072 0.000 0.000 0.001 0.006 0.035 0.191 0.273
p.Ind 18.alphworm      0.040 0.079 0.000 0.000 0.001 0.006 0.037 0.208 0.291
p.Ind 19.alphworm      0.037 0.072 0.000 0.000 0.001 0.006 0.035 0.194 0.258
p.Ind 20.alphworm      0.023 0.034 0.000 0.000 0.002 0.009 0.029 0.091 0.118
p.Ind 21.alphworm      0.024 0.039 0.000 0.000 0.001 0.009 0.030 0.099 0.131
p.Ind 22.alphworm      0.023 0.035 0.000 0.000 0.002 0.009 0.030 0.097 0.126
p.Ind 23.alphworm      0.022 0.034 0.000 0.000 0.002 0.009 0.028 0.088 0.118
p.Ind 24.alphworm      0.024 0.038 0.000 0.000 0.001 0.009 0.030 0.099 0.133
p.Ind 25.alphworm      0.023 0.036 0.000 0.000 0.001 0.009 0.030 0.095 0.121
p.Ind 26.alphworm      0.023 0.036 0.000 0.000 0.001 0.009 0.030 0.093 0.128
p.Ind 27.alphworm      0.022 0.034 0.000 0.000 0.001 0.008 0.028 0.091 0.119
p.Ind 28.alphworm      0.024 0.037 0.000 0.000 0.002 0.009 0.030 0.098 0.124
p.Ind 29.alphworm      0.023 0.035 0.000 0.000 0.001 0.009 0.029 0.094 0.122
p.Ind 30.alphworm      0.040 0.079 0.000 0.000 0.001 0.007 0.035 0.214 0.300
p.Ind 31.alphworm      0.040 0.080 0.000 0.000 0.001 0.006 0.036 0.226 0.304
p.Ind 1.brittlestar    0.007 0.014 0.000 0.000 0.000 0.002 0.007 0.034 0.051
p.Ind 2.brittlestar    0.007 0.013 0.000 0.000 0.000 0.002 0.007 0.035 0.046
p.Ind 3.brittlestar    0.007 0.014 0.000 0.000 0.000 0.002 0.007 0.033 0.048
p.Ind 4.brittlestar    0.007 0.012 0.000 0.000 0.000 0.002 0.007 0.032 0.044
p.Ind 5.brittlestar    0.007 0.014 0.000 0.000 0.000 0.002 0.007 0.033 0.047
p.Ind 6.brittlestar    0.008 0.015 0.000 0.000 0.000 0.003 0.009 0.035 0.049
p.Ind 7.brittlestar    0.008 0.015 0.000 0.000 0.000 0.003 0.010 0.035 0.050
p.Ind 8.brittlestar    0.008 0.014 0.000 0.000 0.000 0.003 0.010 0.034 0.047
p.Ind 9.brittlestar    0.007 0.013 0.000 0.000 0.000 0.002 0.007 0.033 0.047
p.Ind 10.brittlestar   0.007 0.014 0.000 0.000 0.000 0.002 0.007 0.034 0.049
p.Ind 11.brittlestar   0.007 0.013 0.000 0.000 0.000 0.002 0.007 0.033 0.045
p.Ind 12.brittlestar   0.007 0.014 0.000 0.000 0.000 0.002 0.007 0.033 0.048
p.Ind 13.brittlestar   0.007 0.013 0.000 0.000 0.000 0.002 0.007 0.032 0.048
p.Ind 14.brittlestar   0.007 0.013 0.000 0.000 0.000 0.002 0.007 0.032 0.045
p.Ind 15.brittlestar   0.007 0.013 0.000 0.000 0.000 0.002 0.007 0.032 0.045
p.Ind 16.brittlestar   0.007 0.013 0.000 0.000 0.000 0.002 0.007 0.033 0.047
p.Ind 17.brittlestar   0.007 0.012 0.000 0.000 0.000 0.002 0.007 0.032 0.044
p.Ind 18.brittlestar   0.007 0.013 0.000 0.000 0.000 0.002 0.007 0.033 0.046
p.Ind 19.brittlestar   0.007 0.013 0.000 0.000 0.000 0.002 0.007 0.032 0.045
p.Ind 20.brittlestar   0.008 0.013 0.000 0.000 0.000 0.003 0.009 0.033 0.044
p.Ind 21.brittlestar   0.008 0.014 0.000 0.000 0.000 0.003 0.010 0.033 0.046
p.Ind 22.brittlestar   0.008 0.013 0.000 0.000 0.000 0.003 0.009 0.032 0.044
p.Ind 23.brittlestar   0.008 0.013 0.000 0.000 0.000 0.002 0.009 0.033 0.046
p.Ind 24.brittlestar   0.008 0.013 0.000 0.000 0.000 0.003 0.009 0.033 0.046
p.Ind 25.brittlestar   0.008 0.013 0.000 0.000 0.000 0.003 0.009 0.033 0.046
p.Ind 26.brittlestar   0.008 0.013 0.000 0.000 0.000 0.002 0.009 0.033 0.045
p.Ind 27.brittlestar   0.007 0.013 0.000 0.000 0.000 0.002 0.009 0.033 0.047
p.Ind 28.brittlestar   0.008 0.013 0.000 0.000 0.000 0.003 0.009 0.033 0.046
p.Ind 29.brittlestar   0.007 0.013 0.000 0.000 0.000 0.003 0.009 0.031 0.043
p.Ind 30.brittlestar   0.007 0.013 0.000 0.000 0.000 0.002 0.007 0.032 0.046
p.Ind 31.brittlestar   0.007 0.014 0.000 0.000 0.000 0.002 0.007 0.034 0.048
p.Ind 1.Clam           0.558 0.144 0.245 0.299 0.467 0.570 0.657 0.773 0.810
p.Ind 2.Clam           0.584 0.142 0.281 0.335 0.495 0.598 0.682 0.795 0.840
p.Ind 3.Clam           0.542 0.139 0.237 0.289 0.456 0.553 0.641 0.749 0.789
p.Ind 4.Clam           0.580 0.141 0.270 0.321 0.491 0.594 0.676 0.794 0.830
p.Ind 5.Clam           0.612 0.147 0.291 0.347 0.520 0.623 0.715 0.836 0.870
p.Ind 6.Clam           0.450 0.150 0.188 0.229 0.347 0.433 0.541 0.731 0.787
p.Ind 7.Clam           0.367 0.112 0.137 0.178 0.296 0.371 0.444 0.548 0.583
p.Ind 8.Clam           0.417 0.149 0.155 0.195 0.317 0.399 0.500 0.703 0.775
p.Ind 9.Clam           0.539 0.142 0.236 0.291 0.446 0.551 0.641 0.750 0.793
p.Ind 10.Clam          0.591 0.146 0.266 0.322 0.504 0.604 0.693 0.810 0.845
p.Ind 11.Clam          0.542 0.140 0.234 0.287 0.459 0.553 0.639 0.750 0.784
p.Ind 12.Clam          0.538 0.138 0.240 0.290 0.453 0.550 0.635 0.747 0.786
p.Ind 13.Clam          0.556 0.140 0.249 0.299 0.469 0.572 0.653 0.760 0.801
p.Ind 14.Clam          0.523 0.141 0.230 0.278 0.433 0.531 0.624 0.738 0.771
p.Ind 15.Clam          0.530 0.139 0.231 0.287 0.442 0.541 0.630 0.737 0.771
p.Ind 16.Clam          0.567 0.140 0.255 0.320 0.481 0.580 0.663 0.779 0.812
p.Ind 17.Clam          0.562 0.142 0.251 0.305 0.476 0.577 0.656 0.772 0.822
p.Ind 18.Clam          0.511 0.142 0.208 0.260 0.417 0.521 0.612 0.728 0.755
p.Ind 19.Clam          0.476 0.143 0.185 0.232 0.378 0.481 0.581 0.702 0.736
p.Ind 20.Clam          0.376 0.111 0.146 0.186 0.305 0.378 0.452 0.552 0.585
p.Ind 21.Clam          0.358 0.110 0.126 0.172 0.286 0.359 0.432 0.532 0.566
p.Ind 22.Clam          0.385 0.110 0.158 0.201 0.316 0.386 0.458 0.562 0.604
p.Ind 23.Clam          0.338 0.108 0.116 0.153 0.263 0.342 0.414 0.509 0.545
p.Ind 24.Clam          0.389 0.117 0.161 0.198 0.312 0.387 0.464 0.586 0.631
p.Ind 25.Clam          0.364 0.110 0.136 0.175 0.292 0.368 0.438 0.541 0.569
p.Ind 26.Clam          0.366 0.111 0.135 0.175 0.293 0.367 0.443 0.543 0.571
p.Ind 27.Clam          0.320 0.108 0.094 0.131 0.248 0.323 0.394 0.495 0.526
p.Ind 28.Clam          0.401 0.123 0.162 0.199 0.321 0.399 0.477 0.605 0.664
p.Ind 29.Clam          0.375 0.108 0.148 0.194 0.307 0.379 0.446 0.548 0.580
p.Ind 30.Clam          0.537 0.140 0.238 0.287 0.453 0.548 0.636 0.747 0.784
p.Ind 31.Clam          0.593 0.144 0.275 0.329 0.507 0.604 0.691 0.811 0.849
p.Ind 1.Crab           0.034 0.040 0.001 0.002 0.008 0.020 0.045 0.117 0.153
p.Ind 2.Crab           0.034 0.041 0.001 0.002 0.008 0.020 0.044 0.119 0.153
p.Ind 3.Crab           0.032 0.036 0.001 0.002 0.008 0.020 0.043 0.105 0.133
p.Ind 4.Crab           0.035 0.042 0.001 0.002 0.008 0.020 0.044 0.121 0.158
p.Ind 5.Crab           0.036 0.046 0.001 0.002 0.008 0.020 0.046 0.127 0.169
p.Ind 6.Crab           0.064 0.068 0.004 0.006 0.021 0.043 0.081 0.188 0.268
p.Ind 7.Crab           0.054 0.048 0.004 0.005 0.021 0.040 0.073 0.143 0.174
p.Ind 8.Crab           0.066 0.074 0.004 0.006 0.021 0.043 0.084 0.209 0.289
p.Ind 9.Crab           0.033 0.037 0.001 0.002 0.008 0.020 0.042 0.110 0.133
p.Ind 10.Crab          0.036 0.046 0.001 0.002 0.008 0.020 0.045 0.129 0.167
p.Ind 11.Crab          0.033 0.038 0.001 0.002 0.008 0.020 0.044 0.114 0.145
p.Ind 12.Crab          0.033 0.037 0.001 0.002 0.008 0.020 0.043 0.105 0.135
p.Ind 13.Crab          0.034 0.039 0.001 0.002 0.008 0.020 0.045 0.114 0.147
p.Ind 14.Crab          0.032 0.037 0.001 0.002 0.008 0.019 0.043 0.105 0.134
p.Ind 15.Crab          0.033 0.037 0.001 0.002 0.008 0.019 0.043 0.108 0.136
p.Ind 16.Crab          0.034 0.041 0.001 0.002 0.008 0.020 0.044 0.115 0.152
p.Ind 17.Crab          0.034 0.041 0.001 0.002 0.008 0.019 0.044 0.115 0.142
p.Ind 18.Crab          0.032 0.035 0.001 0.002 0.008 0.020 0.041 0.106 0.131
p.Ind 19.Crab          0.031 0.034 0.001 0.002 0.008 0.019 0.041 0.097 0.124
p.Ind 20.Crab          0.051 0.044 0.004 0.006 0.021 0.039 0.070 0.135 0.161
p.Ind 21.Crab          0.053 0.046 0.004 0.006 0.021 0.041 0.072 0.141 0.170
p.Ind 22.Crab          0.052 0.044 0.003 0.006 0.020 0.040 0.071 0.138 0.166
p.Ind 23.Crab          0.049 0.040 0.003 0.005 0.020 0.038 0.067 0.127 0.145
p.Ind 24.Crab          0.054 0.048 0.004 0.006 0.020 0.041 0.073 0.145 0.178
p.Ind 25.Crab          0.052 0.044 0.004 0.006 0.020 0.039 0.071 0.138 0.159
p.Ind 26.Crab          0.052 0.045 0.004 0.006 0.020 0.039 0.070 0.138 0.170
p.Ind 27.Crab          0.048 0.040 0.004 0.005 0.019 0.037 0.066 0.129 0.152
p.Ind 28.Crab          0.056 0.051 0.004 0.006 0.021 0.041 0.076 0.156 0.194
p.Ind 29.Crab          0.050 0.042 0.004 0.006 0.020 0.038 0.068 0.131 0.155
p.Ind 30.Crab          0.033 0.038 0.001 0.002 0.008 0.021 0.044 0.108 0.135
p.Ind 31.Crab          0.035 0.044 0.001 0.002 0.008 0.020 0.047 0.121 0.160
p.Ind 1.Fish           0.320 0.094 0.130 0.168 0.258 0.320 0.381 0.471 0.506
p.Ind 2.Fish           0.296 0.092 0.111 0.139 0.234 0.299 0.358 0.447 0.475
p.Ind 3.Fish           0.342 0.096 0.154 0.188 0.277 0.339 0.401 0.503 0.543
p.Ind 4.Fish           0.301 0.091 0.124 0.152 0.242 0.302 0.361 0.450 0.483
p.Ind 5.Fish           0.268 0.095 0.084 0.112 0.202 0.269 0.336 0.422 0.445
p.Ind 6.Fish           0.383 0.131 0.120 0.150 0.292 0.402 0.477 0.572 0.604
p.Ind 7.Fish           0.486 0.096 0.311 0.340 0.421 0.479 0.545 0.652 0.698
p.Ind 8.Fish           0.414 0.134 0.124 0.164 0.332 0.431 0.503 0.612 0.651
p.Ind 9.Fish           0.345 0.097 0.160 0.190 0.282 0.341 0.405 0.505 0.554
p.Ind 10.Fish          0.286 0.095 0.101 0.129 0.221 0.289 0.349 0.438 0.467
p.Ind 11.Fish          0.341 0.096 0.158 0.192 0.279 0.338 0.399 0.502 0.540
p.Ind 12.Fish          0.345 0.096 0.168 0.197 0.283 0.343 0.404 0.504 0.543
p.Ind 13.Fish          0.326 0.092 0.142 0.176 0.265 0.325 0.384 0.483 0.513
p.Ind 14.Fish          0.364 0.101 0.183 0.208 0.298 0.356 0.427 0.541 0.592
p.Ind 15.Fish          0.356 0.097 0.183 0.211 0.291 0.351 0.416 0.520 0.557
p.Ind 16.Fish          0.315 0.090 0.136 0.163 0.256 0.315 0.373 0.460 0.488
p.Ind 17.Fish          0.324 0.092 0.140 0.179 0.265 0.321 0.382 0.474 0.517
p.Ind 18.Fish          0.375 0.105 0.187 0.220 0.304 0.368 0.437 0.563 0.605
p.Ind 19.Fish          0.414 0.114 0.218 0.244 0.334 0.403 0.487 0.619 0.665
p.Ind 20.Fish          0.485 0.101 0.309 0.335 0.418 0.475 0.543 0.661 0.715
p.Ind 21.Fish          0.498 0.098 0.325 0.351 0.433 0.492 0.556 0.677 0.719
p.Ind 22.Fish          0.475 0.098 0.291 0.323 0.413 0.469 0.533 0.641 0.693
p.Ind 23.Fish          0.530 0.104 0.355 0.375 0.457 0.518 0.593 0.719 0.760
p.Ind 24.Fish          0.466 0.102 0.269 0.301 0.398 0.464 0.530 0.639 0.677
p.Ind 25.Fish          0.497 0.101 0.317 0.348 0.430 0.488 0.555 0.677 0.719
p.Ind 26.Fish          0.493 0.102 0.319 0.341 0.425 0.486 0.554 0.677 0.727
p.Ind 27.Fish          0.550 0.108 0.368 0.391 0.472 0.540 0.618 0.745 0.791
p.Ind 28.Fish          0.450 0.108 0.237 0.271 0.380 0.449 0.518 0.625 0.671
p.Ind 29.Fish          0.490 0.099 0.318 0.343 0.424 0.482 0.548 0.671 0.710
p.Ind 30.Fish          0.345 0.096 0.167 0.195 0.283 0.342 0.406 0.504 0.543
p.Ind 31.Fish          0.284 0.092 0.099 0.126 0.224 0.284 0.346 0.428 0.455
p.Ind 1.Snail          0.040 0.046 0.001 0.002 0.009 0.023 0.053 0.129 0.165
p.Ind 2.Snail          0.039 0.044 0.001 0.002 0.009 0.023 0.051 0.131 0.167
p.Ind 3.Snail          0.037 0.040 0.001 0.002 0.010 0.023 0.050 0.114 0.148
p.Ind 4.Snail          0.038 0.042 0.001 0.002 0.009 0.023 0.049 0.125 0.157
p.Ind 5.Snail          0.039 0.046 0.001 0.002 0.009 0.022 0.051 0.135 0.173
p.Ind 6.Snail          0.071 0.084 0.003 0.006 0.022 0.046 0.087 0.232 0.323
p.Ind 7.Snail          0.060 0.056 0.004 0.006 0.022 0.045 0.082 0.161 0.207
p.Ind 8.Snail          0.071 0.080 0.004 0.006 0.022 0.047 0.089 0.228 0.312
p.Ind 9.Snail          0.037 0.040 0.001 0.002 0.009 0.023 0.051 0.117 0.148
p.Ind 10.Snail         0.040 0.047 0.001 0.002 0.009 0.023 0.052 0.133 0.177
p.Ind 11.Snail         0.037 0.040 0.001 0.002 0.010 0.023 0.049 0.117 0.149
p.Ind 12.Snail         0.037 0.041 0.001 0.002 0.010 0.023 0.050 0.117 0.152
p.Ind 13.Snail         0.038 0.043 0.001 0.002 0.009 0.023 0.051 0.125 0.157
p.Ind 14.Snail         0.036 0.039 0.001 0.002 0.009 0.022 0.049 0.117 0.146
p.Ind 15.Snail         0.036 0.039 0.001 0.002 0.009 0.023 0.049 0.113 0.142
p.Ind 16.Snail         0.038 0.042 0.001 0.002 0.009 0.023 0.051 0.120 0.156
p.Ind 17.Snail         0.037 0.041 0.001 0.002 0.009 0.023 0.049 0.118 0.150
p.Ind 18.Snail         0.036 0.038 0.001 0.002 0.009 0.022 0.049 0.116 0.140
p.Ind 19.Snail         0.035 0.037 0.001 0.002 0.009 0.022 0.048 0.110 0.137
p.Ind 20.Snail         0.057 0.051 0.003 0.006 0.021 0.043 0.077 0.156 0.188
p.Ind 21.Snail         0.059 0.053 0.004 0.006 0.021 0.045 0.082 0.159 0.200
p.Ind 22.Snail         0.057 0.052 0.004 0.006 0.020 0.043 0.077 0.158 0.198
p.Ind 23.Snail         0.054 0.047 0.003 0.005 0.019 0.041 0.074 0.145 0.174
p.Ind 24.Snail         0.059 0.053 0.004 0.006 0.022 0.045 0.080 0.163 0.200
p.Ind 25.Snail         0.057 0.051 0.004 0.005 0.021 0.044 0.077 0.154 0.194
p.Ind 26.Snail         0.058 0.050 0.004 0.006 0.021 0.044 0.079 0.157 0.187
p.Ind 27.Snail         0.053 0.045 0.003 0.006 0.020 0.040 0.072 0.141 0.170
p.Ind 28.Snail         0.062 0.060 0.004 0.006 0.022 0.045 0.081 0.177 0.218
p.Ind 29.Snail         0.055 0.049 0.004 0.005 0.020 0.042 0.076 0.145 0.174
p.Ind 30.Snail         0.037 0.040 0.001 0.002 0.010 0.023 0.052 0.115 0.143
p.Ind 31.Snail         0.041 0.048 0.001 0.002 0.009 0.023 0.052 0.139 0.176
