
#################################################################
# Summary Statistics
#################################################################
  
DIC = 173.2777

                        Mean    SD  2.5%    5%   25%   50%   75%   95% 97.5%
p.global.alphworm      0.050 0.048 0.000 0.000 0.011 0.037 0.074 0.147 0.172
p.global.brittlestar   0.009 0.013 0.000 0.000 0.001 0.004 0.012 0.037 0.048
p.global.clam          0.162 0.085 0.029 0.043 0.097 0.153 0.217 0.315 0.348
p.global.crab          0.099 0.060 0.013 0.018 0.052 0.089 0.138 0.211 0.233
p.global.fish          0.608 0.059 0.496 0.511 0.569 0.609 0.649 0.704 0.722
p.global.snail         0.071 0.050 0.006 0.010 0.033 0.061 0.099 0.172 0.198
p.coral.alphworm       0.050 0.048 0.000 0.000 0.011 0.037 0.074 0.147 0.172
p.seagrass.alphworm    0.141 0.130 0.000 0.000 0.015 0.116 0.238 0.380 0.415
p.coral.brittlestar    0.009 0.013 0.000 0.000 0.001 0.004 0.012 0.037 0.048
p.seagrass.brittlestar 0.015 0.025 0.000 0.000 0.001 0.004 0.019 0.067 0.093
p.coral.clam           0.162 0.085 0.029 0.043 0.097 0.153 0.217 0.315 0.348
p.seagrass.clam        0.279 0.134 0.033 0.064 0.180 0.277 0.368 0.512 0.552
p.coral.crab           0.099 0.060 0.013 0.018 0.052 0.089 0.138 0.211 0.233
p.seagrass.crab        0.114 0.080 0.006 0.011 0.049 0.101 0.167 0.263 0.297
p.coral.fish           0.608 0.059 0.496 0.511 0.569 0.609 0.649 0.704 0.722
p.seagrass.fish        0.361 0.071 0.221 0.248 0.312 0.361 0.409 0.479 0.498
p.coral.snail          0.071 0.050 0.006 0.010 0.033 0.061 0.099 0.172 0.198
p.seagrass.snail       0.089 0.073 0.004 0.007 0.031 0.071 0.129 0.231 0.271
