
#################################################################
# Summary Statistics
#################################################################
  
DIC = 166.5009

                        Mean    SD  2.5%    5%   25%   50%   75%   95% 97.5%
p.global.alphworm      0.025 0.036 0.000 0.000 0.002 0.010 0.033 0.100 0.127
p.global.brittlestar   0.016 0.026 0.000 0.000 0.001 0.006 0.020 0.063 0.081
p.global.clam          0.413 0.096 0.222 0.250 0.349 0.416 0.478 0.567 0.589
p.global.crab          0.076 0.058 0.006 0.010 0.034 0.062 0.105 0.190 0.218
p.global.fish          0.394 0.070 0.267 0.286 0.346 0.391 0.436 0.513 0.541
p.global.snail         0.077 0.062 0.006 0.010 0.032 0.062 0.105 0.196 0.229
p.coral.alphworm       0.025 0.036 0.000 0.000 0.002 0.010 0.033 0.100 0.127
p.seagrass.alphworm    0.033 0.061 0.000 0.000 0.001 0.007 0.034 0.169 0.224
p.coral.brittlestar    0.016 0.026 0.000 0.000 0.001 0.006 0.020 0.063 0.081
p.seagrass.brittlestar 0.014 0.024 0.000 0.000 0.001 0.004 0.016 0.065 0.087
p.coral.clam           0.413 0.096 0.222 0.250 0.349 0.416 0.478 0.567 0.589
p.seagrass.clam        0.591 0.130 0.282 0.336 0.518 0.612 0.684 0.762 0.785
p.coral.crab           0.076 0.058 0.006 0.010 0.034 0.062 0.105 0.190 0.218
p.seagrass.crab        0.056 0.061 0.002 0.003 0.014 0.036 0.075 0.181 0.226
p.coral.fish           0.394 0.070 0.267 0.286 0.346 0.391 0.436 0.513 0.541
p.seagrass.fish        0.256 0.053 0.157 0.171 0.221 0.252 0.289 0.345 0.366
p.coral.snail          0.077 0.062 0.006 0.010 0.032 0.062 0.105 0.196 0.229
p.seagrass.snail       0.051 0.053 0.002 0.003 0.014 0.033 0.068 0.160 0.202
