
#################################################################
# Summary Statistics
#################################################################
  
DIC = 163.478

                        Mean    SD  2.5%    5%   25%   50%   75%   95% 97.5%
p.global.alphworm      0.021 0.031 0.000 0.000 0.002 0.009 0.029 0.084 0.107
p.global.brittlestar   0.013 0.022 0.000 0.000 0.001 0.005 0.017 0.055 0.074
p.global.clam          0.411 0.092 0.229 0.261 0.348 0.413 0.476 0.557 0.583
p.global.crab          0.073 0.057 0.005 0.009 0.031 0.059 0.099 0.185 0.218
p.global.fish          0.407 0.067 0.287 0.304 0.361 0.403 0.451 0.526 0.551
p.global.snail         0.074 0.061 0.006 0.010 0.031 0.059 0.099 0.193 0.242
p.coral.alphworm       0.021 0.031 0.000 0.000 0.002 0.009 0.029 0.084 0.107
p.seagrass.alphworm    0.028 0.059 0.000 0.000 0.001 0.006 0.025 0.136 0.197
p.coral.brittlestar    0.013 0.022 0.000 0.000 0.001 0.005 0.017 0.055 0.074
p.seagrass.brittlestar 0.012 0.019 0.000 0.000 0.000 0.003 0.013 0.051 0.071
p.coral.clam           0.411 0.092 0.229 0.261 0.348 0.413 0.476 0.557 0.583
p.seagrass.clam        0.606 0.127 0.287 0.352 0.543 0.630 0.697 0.767 0.786
p.coral.crab           0.073 0.057 0.005 0.009 0.031 0.059 0.099 0.185 0.218
p.seagrass.crab        0.049 0.059 0.002 0.003 0.012 0.029 0.063 0.169 0.217
p.coral.fish           0.407 0.067 0.287 0.304 0.361 0.403 0.451 0.526 0.551
p.seagrass.fish        0.261 0.053 0.164 0.180 0.226 0.257 0.294 0.353 0.373
p.coral.snail          0.074 0.061 0.006 0.010 0.031 0.059 0.099 0.193 0.242
p.seagrass.snail       0.044 0.048 0.002 0.003 0.012 0.029 0.059 0.142 0.177
