
#################################################################
# Summary Statistics
#################################################################
  
DIC = 166.8859

                        Mean    SD  2.5%    5%   25%   50%   75%   95% 97.5%
p.global.alphworm      0.022 0.032 0.000 0.000 0.001 0.008 0.030 0.087 0.113
p.global.brittlestar   0.008 0.014 0.000 0.000 0.000 0.003 0.010 0.036 0.050
p.global.clam          0.380 0.080 0.217 0.244 0.328 0.384 0.434 0.509 0.530
p.global.crab          0.051 0.039 0.004 0.006 0.021 0.041 0.070 0.125 0.147
p.global.fish          0.482 0.066 0.360 0.378 0.437 0.481 0.524 0.594 0.618
p.global.snail         0.057 0.044 0.005 0.007 0.025 0.046 0.078 0.143 0.170
p.coral.alphworm       0.022 0.032 0.000 0.000 0.001 0.008 0.030 0.087 0.113
p.seagrass.alphworm    0.033 0.068 0.000 0.000 0.001 0.005 0.029 0.180 0.262
p.coral.brittlestar    0.008 0.014 0.000 0.000 0.000 0.003 0.010 0.036 0.050
p.seagrass.brittlestar 0.007 0.014 0.000 0.000 0.000 0.002 0.008 0.033 0.052
p.coral.clam           0.380 0.080 0.217 0.244 0.328 0.384 0.434 0.509 0.530
p.seagrass.clam        0.559 0.118 0.282 0.334 0.494 0.576 0.644 0.721 0.744
p.coral.crab           0.051 0.039 0.004 0.006 0.021 0.041 0.070 0.125 0.147
p.seagrass.crab        0.032 0.038 0.001 0.002 0.009 0.019 0.041 0.108 0.142
p.coral.fish           0.482 0.066 0.360 0.378 0.437 0.481 0.524 0.594 0.618
p.seagrass.fish        0.332 0.064 0.209 0.229 0.288 0.329 0.374 0.439 0.460
p.coral.snail          0.057 0.044 0.005 0.007 0.025 0.046 0.078 0.143 0.170
p.seagrass.snail       0.036 0.038 0.001 0.002 0.010 0.023 0.048 0.116 0.143
