
#################################################################
# Summary Statistics
#################################################################
  
DIC = 183.9129

                      Mean    SD  2.5%    5%   25%   50%   75%   95% 97.5%
p.global.alphworm    0.033 0.045 0.000 0.000 0.002 0.014 0.046 0.127 0.161
p.global.brittlestar 0.011 0.016 0.000 0.000 0.001 0.005 0.015 0.046 0.057
p.global.clam        0.234 0.115 0.041 0.060 0.145 0.226 0.318 0.430 0.466
p.global.crab        0.131 0.076 0.014 0.022 0.072 0.123 0.182 0.270 0.295
p.global.fish        0.497 0.058 0.382 0.399 0.457 0.499 0.538 0.587 0.605
p.global.snail       0.093 0.060 0.009 0.015 0.047 0.083 0.129 0.205 0.231
