
#################################################################
# Summary Statistics
#################################################################
  
DIC = 96.98691

                      Mean    SD  2.5%    5%   25%   50%   75%   95% 97.5%
p.global.alphworm    0.107 0.067 0.019 0.026 0.058 0.094 0.142 0.235 0.272
p.global.brittlestar 0.000 0.002 0.000 0.000 0.000 0.000 0.000 0.000 0.000
p.global.clam        0.304 0.138 0.008 0.018 0.241 0.332 0.400 0.487 0.516
p.global.crab        0.062 0.066 0.002 0.004 0.020 0.044 0.082 0.178 0.229
p.global.fish        0.423 0.079 0.286 0.307 0.370 0.417 0.470 0.561 0.593
p.global.snail       0.103 0.115 0.003 0.005 0.026 0.059 0.127 0.381 0.422
